0 0 0
0 0 0
1 1 0
2 1 1
3 2 1
4 2 1
5 3 2
5 3 2
6 4 2
7 4 3
8 5 3
9 5 3
10 6 4
11 6 4
11 7 4
12 7 5
13 8 5
14 8 5
15 9 6
16 9 6
17 10 6
17 10 7
18 11 7
19 11 7
20 12 8
21 12 8
22 13 8
22 13 9
23 14 9
24 14 9
25 15 10
26 15 10
27 16 10
28 16 11
28 17 11
29 17 11
30 18 12
31 18 12
32 19 12
33 19 13
34 20 13
34 20 13
35 21 14
36 21 14
37 22 14
38 22 15
39 23 15
39 23 15
40 24 16
41 24 16
42 25 17
43 26 17
44 26 17
45 27 18
45 27 18
46 28 18
47 28 19
48 29 19
49 29 19
50 30 20
51 30 20
51 31 20
52 31 21
53 32 21
54 32 21
55 33 22
56 33 22
56 34 22
57 34 23
58 35 23
59 35 23
60 36 24
61 36 24
62 37 24
62 37 25
63 38 25
64 38 25
65 39 26
66 39 26
67 40 26
68 40 27
68 41 27
69 41 27
70 42 28
71 42 28
72 43 28
73 43 29
73 44 29
74 44 29
75 45 30
76 45 30
77 46 30
78 46 31
79 47 31
79 47 31
80 48 32
81 48 32
82 49 32
83 49 33
84 50 33
85 51 34
85 51 34
86 52 34
87 52 35
88 53 35
89 53 35
90 54 36
90 54 36
91 55 36
92 55 37
93 56 37
94 56 37
95 57 38
96 57 38
96 58 38
97 58 39
98 59 39
99 59 39
100 60 40
101 60 40
102 61 40
102 61 41
103 62 41
104 62 41
105 63 42
106 63 42
107 64 42
107 64 43
108 65 43
109 65 43
110 66 44
111 66 44
112 67 44
113 67 45
113 68 45
114 68 45
115 69 46
116 69 46
117 70 46
118 70 47
119 71 47
119 71 47
120 72 48
121 72 48
122 73 48
123 73 49
124 74 49
124 74 49
125 75 50
126 75 50
127 76 51
128 77 51
129 77 51
130 78 52
130 78 52
131 79 52
132 79 53
133 80 53
134 80 53
135 81 54
136 81 54
136 82 54
137 82 55
138 83 55
139 83 55
140 84 56
141 84 56
141 85 56
142 85 57
143 86 57
144 86 57
145 87 58
146 87 58
147 88 58
147 88 59
148 89 59
149 89 59
150 90 60
151 90 60
152 91 60
153 91 61
153 92 61
154 92 61
155 93 62
156 93 62
157 94 62
158 94 63
158 95 63
159 95 63
160 96 64
161 96 64
162 97 64
163 97 65
164 98 65
164 98 65
165 99 66
166 99 66
167 100 66
168 100 67
169 101 67
170 102 68
170 102 68
171 103 68
172 103 69
173 104 69
174 104 69
175 105 70
175 105 70
176 106 70
177 106 71
178 107 71
179 107 71
180 108 72
181 108 72
181 109 72
182 109 73
183 110 73
184 110 73
185 111 74
186 111 74
187 112 74
187 112 75
188 113 75
189 113 75
190 114 76
191 114 76
192 115 76
192 115 77
193 116 77
194 116 77
195 117 78
196 117 78
197 118 78
198 118 79
198 119 79
199 119 79
200 120 80
201 120 80
202 121 80
203 121 81
204 122 81
204 122 81
205 123 82
206 123 82
207 124 82
208 124 83
209 125 83
209 125 83
210 126 84
211 126 84
212 127 85
213 128 85
214 128 85
215 129 86
215 129 86
216 130 86
217 130 87
218 131 87
219 131 87
220 132 88
221 132 88
221 133 88
222 133 89
223 134 89
224 134 89
225 135 90
226 135 90
226 136 90
227 136 91
228 137 91
229 137 91
230 138 92
231 138 92
232 139 92
232 139 93
233 140 93
234 140 93
235 141 94
236 141 94
237 142 94
238 142 95
238 143 95
239 143 95
240 144 96
241 144 96
242 145 96
243 145 97
243 146 97
244 146 97
245 147 98
246 147 98
247 148 98
248 148 99
249 149 99
249 149 99
250 150 100
251 150 100
252 151 100
253 151 101
254 152 101
0 153 102
0 153 102
1 154 102
2 154 103
3 155 103
4 155 103
5 156 104
5 156 104
6 157 104
7 157 105
8 158 105
9 158 105
10 159 106
11 159 106
11 160 106
12 160 107
13 161 107
14 161 107
15 162 108
16 162 108
17 163 108
17 163 109
18 164 109
19 164 109
20 165 110
21 165 110
22 166 110
22 166 111
23 167 111
24 167 111
25 168 112
26 168 112
27 169 112
28 169 113
28 170 113
29 170 113
30 171 114
31 171 114
32 172 114
33 172 115
34 173 115
34 173 115
35 174 116
36 174 116
37 175 116
38 175 117
39 176 117
39 176 117
40 177 118
41 177 118
42 178 119
43 179 119
44 179 119
45 180 120
45 180 120
46 181 120
47 181 121
48 182 121
49 182 121
50 183 122
51 183 122
51 184 122
52 184 123
53 185 123
54 185 123
55 186 124
56 186 124
56 187 124
57 187 125
58 188 125
59 188 125
60 189 126
61 189 126
62 190 126
62 190 127
63 191 127
64 191 127
65 192 128
66 192 128
67 193 128
68 193 129
68 194 129
69 194 129
70 195 130
71 195 130
72 196 130
73 196 131
73 197 131
74 197 131
75 198 132
76 198 132
77 199 132
78 199 133
79 200 133
79 200 133
80 201 134
81 201 134
82 202 134
83 202 135
84 203 135
85 204 136
85 204 136
86 205 136
87 205 137
88 206 137
89 206 137
90 207 138
90 207 138
91 208 138
92 208 139
93 209 139
94 209 139
95 210 140
96 210 140
96 211 140
97 211 141
98 212 141
99 212 141
100 213 142
101 213 142
102 214 142
102 214 143
103 215 143
104 215 143
105 216 144
106 216 144
107 217 144
107 217 145
108 218 145
109 218 145
110 219 146
111 219 146
112 220 146
113 220 147
113 221 147
114 221 147
115 222 148
116 222 148
117 223 148
118 223 149
119 224 149
119 224 149
120 225 150
121 225 150
122 226 150
123 226 151
124 227 151
124 227 151
125 228 152
126 228 152
127 229 153
128 230 153
129 230 153
130 231 154
130 231 154
131 232 154
132 232 155
133 233 155
134 233 155
135 234 156
136 234 156
136 235 156
137 235 157
138 236 157
139 236 157
140 237 158
141 237 158
141 238 158
142 238 159
143 239 159
144 239 159
145 240 160
146 240 160
147 241 160
147 241 161
148 242 161
149 242 161
150 243 162
151 243 162
152 244 162
153 244 163
153 245 163
154 245 163
155 246 164
156 246 164
157 247 164
158 247 165
158 248 165
159 248 165
160 249 166
161 249 166
162 250 166
163 250 167
164 251 167
164 251 167
165 252 168
166 252 168
167 253 168
168 253 169
169 254 169
170 0 170
170 0 170
171 1 170
172 1 171
173 2 171
174 2 171
175 3 172
175 3 172
176 4 172
177 4 173
178 5 173
179 5 173
180 6 174
181 6 174
181 7 174
182 7 175
183 8 175
184 8 175
185 9 176
186 9 176
187 10 176
187 10 177
188 11 177
189 11 177
190 12 178
191 12 178
192 13 178
192 13 179
193 14 179
194 14 179
195 15 180
196 15 180
197 16 180
198 16 181
198 17 181
199 17 181
200 18 182
201 18 182
202 19 182
203 19 183
204 20 183
204 20 183
205 21 184
206 21 184
207 22 184
208 22 185
209 23 185
209 23 185
210 24 186
211 24 186
212 25 187
213 26 187
214 26 187
215 27 188
215 27 188
216 28 188
217 28 189
218 29 189
219 29 189
220 30 190
221 30 190
221 31 190
222 31 191
223 32 191
224 32 191
225 33 192
226 33 192
226 34 192
227 34 193
228 35 193
229 35 193
230 36 194
231 36 194
232 37 194
232 37 195
233 38 195
234 38 195
235 39 196
236 39 196
237 40 196
238 40 197
238 41 197
239 41 197
240 42 198
241 42 198
242 43 198
243 43 199
243 44 199
244 44 199
245 45 200
246 45 200
247 46 200
248 46 201
249 47 201
249 47 201
250 48 202
251 48 202
252 49 202
253 49 203
254 50 203
0 51 204
0 51 204
1 52 204
2 52 205
3 53 205
4 53 205
5 54 206
5 54 206
6 55 206
7 55 207
8 56 207
9 56 207
10 57 208
11 57 208
11 58 208
12 58 209
13 59 209
14 59 209
15 60 210
16 60 210
17 61 210
17 61 211
18 62 211
19 62 211
20 63 212
21 63 212
22 64 212
22 64 213
23 65 213
24 65 213
25 66 214
26 66 214
27 67 214
28 67 215
28 68 215
29 68 215
30 69 216
31 69 216
32 70 216
33 70 217
34 71 217
34 71 217
35 72 218
36 72 218
37 73 218
38 73 219
39 74 219
39 74 219
40 75 220
41 75 220
42 76 221
43 77 221
44 77 221
45 78 222
45 78 222
46 79 222
47 79 223
48 80 223
49 80 223
50 81 224
51 81 224
51 82 224
52 82 225
53 83 225
54 83 225
55 84 226
56 84 226
56 85 226
57 85 227
58 86 227
59 86 227
60 87 228
61 87 228
62 88 228
62 88 229
63 89 229
64 89 229
65 90 230
66 90 230
67 91 230
68 91 231
68 92 231
69 92 231
70 93 232
71 93 232
72 94 232
73 94 233
73 95 233
74 95 233
75 96 234
76 96 234
77 97 234
78 97 235
79 98 235
79 98 235
80 99 236
81 99 236
82 100 236
83 100 237
84 101 237
85 102 238
85 102 238
86 103 238
87 103 239
88 104 239
89 104 239
90 105 240
90 105 240
91 106 240
92 106 241
93 107 241
94 107 241
95 108 242
96 108 242
96 109 242
97 109 243
98 110 243
99 110 243
100 111 244
101 111 244
102 112 244
102 112 245
103 113 245
104 113 245
105 114 246
106 114 246
107 115 246
107 115 247
108 116 247
109 116 247
110 117 248
111 117 248
112 118 248
113 118 249
113 119 249
114 119 249
115 120 250
116 120 250
117 121 250
118 121 251
119 122 251
119 122 251
120 123 252
121 123 252
122 124 252
123 124 253
124 125 253
124 125 253
125 126 254
126 126 254
127 127 0
128 128 0
129 128 0
130 129 1
130 129 1
131 130 1
132 130 2
133 131 2
134 131 2
135 132 3
136 132 3
136 133 3
137 133 4
138 134 4
139 134 4
140 135 5
141 135 5
141 136 5
142 136 6
143 137 6
144 137 6
145 138 7
146 138 7
147 139 7
147 139 8
148 140 8
149 140 8
150 141 9
151 141 9
152 142 9
153 142 10
153 143 10
154 143 10
155 144 11
156 144 11
157 145 11
158 145 12
158 146 12
159 146 12
160 147 13
161 147 13
162 148 13
163 148 14
164 149 14
164 149 14
165 150 15
166 150 15
167 151 15
168 151 16
169 152 16
170 153 17
170 153 17
171 154 17
172 154 18
173 155 18
174 155 18
175 156 19
175 156 19
176 157 19
177 157 20
178 158 20
179 158 20
180 159 21
181 159 21
181 160 21
182 160 22
183 161 22
184 161 22
185 162 23
186 162 23
187 163 23
187 163 24
188 164 24
189 164 24
190 165 25
191 165 25
192 166 25
192 166 26
193 167 26
194 167 26
195 168 27
196 168 27
197 169 27
198 169 28
198 170 28
199 170 28
200 171 29
201 171 29
202 172 29
203 172 30
204 173 30
204 173 30
205 174 31
206 174 31
207 175 31
208 175 32
209 176 32
209 176 32
210 177 33
211 177 33
212 178 34
213 179 34
214 179 34
215 180 35
215 180 35
216 181 35
217 181 36
218 182 36
219 182 36
220 183 37
221 183 37
221 184 37
222 184 38
223 185 38
224 185 38
225 186 39
226 186 39
226 187 39
227 187 40
228 188 40
229 188 40
230 189 41
231 189 41
232 190 41
232 190 42
233 191 42
234 191 42
235 192 43
236 192 43
237 193 43
238 193 44
238 194 44
239 194 44
240 195 45
241 195 45
242 196 45
243 196 46
243 197 46
244 197 46
245 198 47
246 198 47
247 199 47
248 199 48
249 200 48
249 200 48
250 201 49
251 201 49
252 202 49
253 202 50
254 203 50
0 204 51
0 204 51
1 205 51
2 205 52
3 206 52
4 206 52
5 207 53
5 207 53
6 208 53
7 208 54
8 209 54
9 209 54
10 210 55
11 210 55
11 211 55
12 211 56
13 212 56
14 212 56
15 213 57
16 213 57
17 214 57
17 214 58
18 215 58
19 215 58
20 216 59
21 216 59
22 217 59
22 217 60
23 218 60
24 218 60
25 219 61
26 219 61
27 220 61
28 220 62
28 221 62
29 221 62
30 222 63
31 222 63
32 223 63
33 223 64
34 224 64
34 224 64
35 225 65
36 225 65
37 226 65
38 226 66
39 227 66
39 227 66
40 228 67
41 228 67
42 229 68
43 230 68
44 230 68
45 231 69
45 231 69
46 232 69
47 232 70
48 233 70
49 233 70
50 234 71
51 234 71
51 235 71
52 235 72
53 236 72
54 236 72
55 237 73
56 237 73
56 238 73
57 238 74
58 239 74
59 239 74
60 240 75
61 240 75
62 241 75
62 241 76
63 242 76
64 242 76
65 243 77
66 243 77
67 244 77
68 244 78
68 245 78
69 245 78
70 246 79
71 246 79
72 247 79
73 247 80
73 248 80
74 248 80
75 249 81
76 249 81
77 250 81
78 250 82
79 251 82
79 251 82
80 252 83
81 252 83
82 253 83
83 253 84
84 254 84
85 0 85
85 0 85
86 1 85
87 1 86
88 2 86
89 2 86
90 3 87
90 3 87
91 4 87
92 4 88
93 5 88
94 5 88
95 6 89
96 6 89
96 7 89
97 7 90
98 8 90
99 8 90
100 9 91
101 9 91
102 10 91
102 10 92
103 11 92
104 11 92
105 12 93
106 12 93
107 13 93
107 13 94
108 14 94
109 14 94
110 15 95
111 15 95
112 16 95
113 16 96
113 17 96
114 17 96
115 18 97
116 18 97
117 19 97
118 19 98
119 20 98
119 20 98
120 21 99
121 21 99
122 22 99
123 22 100
124 23 100
124 23 100
125 24 101
126 24 101
127 25 102
128 26 102
129 26 102
130 27 103
130 27 103
131 28 103
132 28 104
133 29 104
134 29 104
135 30 105
136 30 105
136 31 105
137 31 106
138 32 106
139 32 106
140 33 107
141 33 107
141 34 107
142 34 108
143 35 108
144 35 108
145 36 109
146 36 109
147 37 109
147 37 110
148 38 110
149 38 110
150 39 111
151 39 111
152 40 111
153 40 112
153 41 112
154 41 112
155 42 113
156 42 113
157 43 113
158 43 114
158 44 114
159 44 114
160 45 115
161 45 115
162 46 115
163 46 116
164 47 116
164 47 116
165 48 117
166 48 117
167 49 117
168 49 118
169 50 118
170 51 119
170 51 119
171 52 119
172 52 120
173 53 120
174 53 120
175 54 121
175 54 121
176 55 121
177 55 122
178 56 122
179 56 122
180 57 123
181 57 123
181 58 123
182 58 124
183 59 124
184 59 124
185 60 125
186 60 125
187 61 125
187 61 126
188 62 126
189 62 126
190 63 127
191 63 127
192 64 127
192 64 128
193 65 128
194 65 128
195 66 129
196 66 129
197 67 129
198 67 130
198 68 130
199 68 130
200 69 131
201 69 131
202 70 131
203 70 132
204 71 132
204 71 132
205 72 133
206 72 133
207 73 133
208 73 134
209 74 134
209 74 134
210 75 135
211 75 135
212 76 136
213 77 136
214 77 136
215 78 137
215 78 137
216 79 137
217 79 138
218 80 138
219 80 138
220 81 139
221 81 139
221 82 139
222 82 140
223 83 140
224 83 140
225 84 141
226 84 141
226 85 141
227 85 142
228 86 142
229 86 142
230 87 143
231 87 143
232 88 143
232 88 144
233 89 144
234 89 144
235 90 145
236 90 145
237 91 145
238 91 146
238 92 146
239 92 146
240 93 147
241 93 147
242 94 147
243 94 148
243 95 148
244 95 148
245 96 149
246 96 149
247 97 149
248 97 150
249 98 150
249 98 150
250 99 151
251 99 151
252 100 151
253 100 152
254 101 152
0 102 153
0 102 153
1 103 153
2 103 154
3 104 154
4 104 154
5 105 155
5 105 155
6 106 155
7 106 156
8 107 156
9 107 156
10 108 157
11 108 157
11 109 157
12 109 158
13 110 158
14 110 158
15 111 159
16 111 159
17 112 159
17 112 160
18 113 160
19 113 160
20 114 161
21 114 161
22 115 161
22 115 162
23 116 162
24 116 162
25 117 163
26 117 163
27 118 163
28 118 164
28 119 164
29 119 164
30 120 165
31 120 165
32 121 165
33 121 166
34 122 166
34 122 166
35 123 167
36 123 167
37 124 167
38 124 168
39 125 168
39 125 168
40 126 169
41 126 169
42 127 170
43 128 170
44 128 170
45 129 171
45 129 171
46 130 171
47 130 172
48 131 172
49 131 172
50 132 173
51 132 173
51 133 173
52 133 174
53 134 174
54 134 174
55 135 175
56 135 175
56 136 175
57 136 176
58 137 176
59 137 176
60 138 177
61 138 177
62 139 177
62 139 178
63 140 178
64 140 178
65 141 179
66 141 179
67 142 179
68 142 180
68 143 180
69 143 180
70 144 181
71 144 181
72 145 181
73 145 182
73 146 182
74 146 182
75 147 183
76 147 183
77 148 183
78 148 184
79 149 184
79 149 184
80 150 185
81 150 185
82 151 185
83 151 186
84 152 186
85 153 187
85 153 187
86 154 187
87 154 188
88 155 188
89 155 188
90 156 189
90 156 189
91 157 189
92 157 190
93 158 190
94 158 190
95 159 191
96 159 191
96 160 191
97 160 192
98 161 192
99 161 192
100 162 193
101 162 193
102 163 193
102 163 194
103 164 194
104 164 194
105 165 195
106 165 195
107 166 195
107 166 196
108 167 196
109 167 196
110 168 197
111 168 197
112 169 197
113 169 198
113 170 198
114 170 198
115 171 199
116 171 199
117 172 199
118 172 200
119 173 200
119 173 200
120 174 201
121 174 201
122 175 201
123 175 202
124 176 202
124 176 202
125 177 203
126 177 203
127 178 204
128 179 204
129 179 204
130 180 205
130 180 205
131 181 205
132 181 206
133 182 206
134 182 206
135 183 207
136 183 207
136 184 207
137 184 208
138 185 208
139 185 208
140 186 209
141 186 209
141 187 209
142 187 210
143 188 210
144 188 210
145 189 211
146 189 211
147 190 211
147 190 212
148 191 212
149 191 212
150 192 213
151 192 213
152 193 213
153 193 214
153 194 214
154 194 214
155 195 215
156 195 215
157 196 215
158 196 216
158 197 216
159 197 216
160 198 217
161 198 217
162 199 217
163 199 218
164 200 218
164 200 218
165 201 219
166 201 219
167 202 219
168 202 220
169 203 220
170 204 221
170 204 221
171 205 221
172 205 222
173 206 222
174 206 222
175 207 223
175 207 223
176 208 223
177 208 224
178 209 224
179 209 224
180 210 225
181 210 225
181 211 225
182 211 226
183 212 226
184 212 226
185 213 227
186 213 227
187 214 227
187 214 228
188 215 228
189 215 228
190 216 229
191 216 229
192 217 229
192 217 230
193 218 230
194 218 230
195 219 231
196 219 231
197 220 231
198 220 232
198 221 232
199 221 232
200 222 233
201 222 233
202 223 233
203 223 234
204 224 234
204 224 234
205 225 235
206 225 235
207 226 235
208 226 236
209 227 236
209 227 236
210 228 237
211 228 237
212 229 238
213 230 238
214 230 238
215 231 239
215 231 239
216 232 239
217 232 240
218 233 240
219 233 240
220 234 241
221 234 241
221 235 241
222 235 242
223 236 242
224 236 242
225 237 243
226 237 243
226 238 243
227 238 244
228 239 244
229 239 244
230 240 245
231 240 245
232 241 245
232 241 246
233 242 246
234 242 246
235 243 247
236 243 247
237 244 247
238 244 248
238 245 248
239 245 248
240 246 249
241 246 249
242 247 249
243 247 250
243 248 250
244 248 250
245 249 251
246 249 251
247 250 251
248 250 252
249 251 252
249 251 252
250 252 253
251 252 253
252 253 253
253 253 254
254 254 254

