0 0 0
0 0 0
0 0 1
1 0 1
1 0 2
1 0 2
2 0 3
2 0 3
2 0 4
3 0 4
3 0 5
3 0 5
4 0 6
4 0 6
4 0 7
5 0 7
5 0 8
5 0 8
6 0 9
6 0 9
6 0 10
7 0 10
7 0 11
7 0 11
8 0 12
8 0 12
8 0 13
9 0 13
9 0 14
9 0 14
10 0 15
10 0 15
10 0 16
11 0 16
11 0 17
11 0 17
12 0 18
12 0 18
12 0 19
13 0 19
13 0 20
13 0 20
14 0 21
14 0 21
14 0 22
15 0 22
15 0 23
15 0 23
16 0 24
16 0 24
17 0 25
17 0 26
17 0 26
18 0 27
18 0 27
18 0 28
19 0 28
19 0 29
19 0 29
20 0 30
20 0 30
20 0 31
21 0 31
21 0 32
21 0 32
22 0 33
22 0 33
22 0 34
23 0 34
23 0 35
23 0 35
24 0 36
24 0 36
24 0 37
25 0 37
25 0 38
25 0 38
26 0 39
26 0 39
26 0 40
27 0 40
27 0 41
27 0 41
28 0 42
28 0 42
28 0 43
29 0 43
29 0 44
29 0 44
30 0 45
30 0 45
30 0 46
31 0 46
31 0 47
31 0 47
32 0 48
32 0 48
32 0 49
33 0 49
33 0 50
34 0 51
34 0 51
34 0 52
35 0 52
35 0 53
35 0 53
36 0 54
36 0 54
36 0 55
37 0 55
37 0 56
37 0 56
38 0 57
38 0 57
38 0 58
39 0 58
39 0 59
39 0 59
40 0 60
40 0 60
40 0 61
41 0 61
41 0 62
41 0 62
42 0 63
42 0 63
42 0 64
43 0 64
43 0 65
43 0 65
44 0 66
44 0 66
44 0 67
45 0 67
45 0 68
45 0 68
46 0 69
46 0 69
46 0 70
47 0 70
47 0 71
47 0 71
48 0 72
48 0 72
48 0 73
49 0 73
49 0 74
49 0 74
50 0 75
50 0 75
51 0 76
51 0 77
51 0 77
52 0 78
52 0 78
52 0 79
53 0 79
53 0 80
53 0 80
54 0 81
54 0 81
54 0 82
55 0 82
55 0 83
55 0 83
56 0 84
56 0 84
56 0 85
57 0 85
57 0 86
57 0 86
58 0 87
58 0 87
58 0 88
59 0 88
59 0 89
59 0 89
60 0 90
60 0 90
60 0 91
61 0 91
61 0 92
61 0 92
62 0 93
62 0 93
62 0 94
63 0 94
63 0 95
63 0 95
64 0 96
64 0 96
64 0 97
65 0 97
65 0 98
65 0 98
66 0 99
66 0 99
66 0 100
67 0 100
67 0 101
68 0 102
68 0 102
68 0 103
69 0 103
69 0 104
69 0 104
70 0 105
70 0 105
70 0 106
71 0 106
71 0 107
71 0 107
72 0 108
72 0 108
72 0 109
73 0 109
73 0 110
73 0 110
74 0 111
74 0 111
74 0 112
75 0 112
75 0 113
75 0 113
76 0 114
76 0 114
76 0 115
77 0 115
77 0 116
77 0 116
78 0 117
78 0 117
78 0 118
79 0 118
79 0 119
79 0 119
80 0 120
80 0 120
80 0 121
81 0 121
81 0 122
81 0 122
82 0 123
82 0 123
82 0 124
83 0 124
83 0 125
83 0 125
84 0 126
84 0 126
85 0 127
85 0 128
85 0 128
86 0 129
86 0 129
86 0 130
87 0 130
87 0 131
87 0 131
88 0 132
88 0 132
88 0 133
89 0 133
89 0 134
89 0 134
90 0 135
90 0 135
90 0 136
91 0 136
91 0 137
91 0 137
92 0 138
92 0 138
92 0 139
93 0 139
93 0 140
93 0 140
94 0 141
94 0 141
94 0 142
95 0 142
95 0 143
95 0 143
96 0 144
96 0 144
96 0 145
97 0 145
97 0 146
97 0 146
98 0 147
98 0 147
98 0 148
99 0 148
99 0 149
99 0 149
100 0 150
100 0 150
100 0 151
101 0 151
101 0 152
102 0 153
102 0 153
102 0 154
103 0 154
103 0 155
103 0 155
104 0 156
104 0 156
104 0 157
105 0 157
105 0 158
105 0 158
106 0 159
106 0 159
106 0 160
107 0 160
107 0 161
107 0 161
108 0 162
108 0 162
108 0 163
109 0 163
109 0 164
109 0 164
110 0 165
110 0 165
110 0 166
111 0 166
111 0 167
111 0 167
112 0 168
112 0 168
112 0 169
113 0 169
113 0 170
113 0 170
114 0 171
114 0 171
114 0 172
115 0 172
115 0 173
115 0 173
116 0 174
116 0 174
116 0 175
117 0 175
117 0 176
117 0 176
118 0 177
118 0 177
0 0 119
0 0 119
0 0 119
0 0 120
0 0 120
0 0 120
0 0 121
0 0 121
0 0 121
0 0 122
0 0 122
0 0 122
0 0 123
0 0 123
0 0 123
0 0 124
0 0 124
0 0 124
0 0 125
0 0 125
0 0 125
0 0 126
0 0 126
0 0 126
0 0 127
0 0 127
0 0 127
0 0 128
0 0 128
0 0 128
0 0 129
0 0 129
0 0 129
0 0 130
0 0 130
0 0 130
0 0 131
0 0 131
0 0 131
0 0 132
0 0 132
0 0 132
0 0 133
0 0 133
0 0 133
0 0 134
0 0 134
0 0 134
0 0 135
0 0 135
0 0 136
0 0 136
0 0 136
0 0 137
0 0 137
0 0 137
0 0 138
0 0 138
0 0 138
0 0 139
0 0 139
0 0 139
0 0 140
0 0 140
0 0 140
0 0 141
0 0 141
0 0 141
0 0 142
0 0 142
0 0 142
0 0 143
0 0 143
0 0 143
0 0 144
0 0 144
0 0 144
0 0 145
0 0 145
0 0 145
0 0 146
0 0 146
0 0 146
0 0 147
0 0 147
0 0 147
0 0 148
0 0 148
0 0 148
0 0 149
0 0 149
0 0 149
0 0 150
0 0 150
0 0 150
0 0 151
0 0 151
0 0 151
0 0 152
0 0 152
0 136 254
0 136 254
0 136 254
0 136 254
0 136 254
0 136 254
0 136 254
0 136 254
0 136 254
0 136 254
0 136 254
0 136 254
0 136 254
0 136 254
0 136 254
0 136 254
0 136 254
0 136 254
0 136 254
0 136 254
0 136 254
0 136 254
0 136 254
0 136 254
0 136 254
0 136 254
0 136 254
0 136 254
0 136 254
0 136 254
0 136 254
0 136 254
0 136 254
0 136 254
0 136 254
0 136 254
0 136 254
0 136 254
0 136 254
0 136 254
0 136 254
0 136 254
0 136 254
0 136 254
0 136 254
0 136 254
0 136 254
0 136 254
0 136 254
0 136 254
0 136 254
0 136 254
0 136 254
0 136 254
0 136 254
0 136 254
0 136 254
0 136 254
0 136 254
0 136 254
0 136 254
0 136 254
0 136 254
0 136 254
0 136 254
0 136 254
0 136 254
0 136 254
0 136 254
0 136 254
0 136 254
0 136 254
0 136 254
0 136 254
0 136 254
0 136 254
0 136 254
0 136 254
0 136 254
0 136 254
0 136 254
0 136 254
0 136 254
0 136 254
0 136 254
0 136 254
0 136 254
0 136 254
0 136 254
0 136 254
0 136 254
0 136 254
0 136 254
0 136 254
0 136 254
0 136 254
0 136 254
0 136 254
0 136 254
0 136 254
0 136 254
0 136 254
0 136 254
0 136 254
0 136 254
0 136 254
0 136 254
0 136 254
0 136 254
0 136 254
0 136 254
0 136 254
0 136 254
0 136 254
0 136 254
0 136 254
0 136 254
0 136 254
0 136 254
0 136 254
0 136 254
0 136 254
0 136 254
0 136 254
0 136 254
0 136 254
0 136 254
0 136 254
0 136 254
0 136 254
0 136 254
0 136 254
0 136 254
0 136 254
0 136 254
0 136 254
0 136 254
0 136 254
0 136 254
0 136 254
0 136 254
0 136 254
0 136 254
0 136 254
0 136 254
0 136 254
0 136 254
0 136 254
0 136 254
0 136 254
0 204 0
0 204 0
0 204 0
0 204 0
0 204 0
0 204 0
0 204 0
0 204 0
0 204 0
0 204 0
0 204 0
0 204 0
0 204 0
0 204 0
0 204 0
0 204 0
0 204 0
0 204 0
0 204 0
0 204 0
0 204 0
0 204 0
0 204 0
0 204 0
0 204 0
0 204 0
0 204 0
0 204 0
0 204 0
0 204 0
0 204 0
0 204 0
0 204 0
0 204 0
0 204 0
0 204 0
0 204 0
0 204 0
0 204 0
0 204 0
0 204 0
0 204 0
0 204 0
0 204 0
0 204 0
0 204 0
0 204 0
0 204 0
0 204 0
0 204 0
0 204 0
0 204 0
0 204 0
0 204 0
0 204 0
0 204 0
0 204 0
0 204 0
0 204 0
0 204 0
0 204 0
0 204 0
0 204 0
0 204 0
0 204 0
0 204 0
0 204 0
0 204 0
0 204 0
0 204 0
0 204 0
0 204 0
0 204 0
0 204 0
0 204 0
0 204 0
0 204 0
0 204 0
0 204 0
0 204 0
0 204 0
0 204 0
0 204 0
0 204 0
0 204 0
0 204 0
0 204 0
0 204 0
0 204 0
0 204 0
0 204 0
0 204 0
0 204 0
0 204 0
0 204 0
0 204 0
0 204 0
0 204 0
0 204 0
0 204 0
0 204 0
0 204 0
0 204 0
0 204 0
0 204 0
0 204 0
0 204 0
0 204 0
0 204 0
0 204 0
0 204 0
0 204 0
0 204 0
0 204 0
0 204 0
0 204 0
0 204 0
0 204 0
0 204 0
0 204 0
0 204 0
0 204 0
0 204 0
0 204 0
0 204 0
0 204 0
0 204 0
0 204 0
0 204 0
0 204 0
0 204 0
0 204 0
0 204 0
0 204 0
0 204 0
0 204 0
0 204 0
0 204 0
0 204 0
0 204 0
0 204 0
0 204 0
0 204 0
0 204 0
0 204 0
0 204 0
0 204 0
0 204 0
0 204 0
0 204 0
254 127 0
254 127 0
254 128 0
254 128 0
254 128 0
254 128 0
254 128 0
254 128 0
254 129 0
254 129 0
254 129 0
254 129 0
254 129 0
254 129 0
254 130 0
254 130 0
254 130 0
254 130 0
254 130 0
254 130 0
254 131 0
254 131 0
254 131 0
254 131 0
254 131 0
254 131 0
254 132 0
254 132 0
254 132 0
254 132 0
254 132 0
254 132 0
254 133 0
254 133 0
254 133 0
254 133 0
254 133 0
254 133 0
254 134 0
254 134 0
254 134 0
254 134 0
254 134 0
254 134 0
254 135 0
254 135 0
254 135 0
254 135 0
254 135 0
254 136 0
254 136 0
254 136 0
254 136 0
254 136 0
254 136 0
254 137 0
254 137 0
254 137 0
254 137 0
254 137 0
254 137 0
254 138 0
254 138 0
254 138 0
254 138 0
254 138 0
254 138 0
254 139 0
254 139 0
254 139 0
254 139 0
254 139 0
254 139 0
254 140 0
254 140 0
254 140 0
254 140 0
254 140 0
254 140 0
254 141 0
254 141 0
254 141 0
254 141 0
254 141 0
254 141 0
254 142 0
254 142 0
254 142 0
254 142 0
254 142 0
254 142 0
254 143 0
254 143 0
254 143 0
254 143 0
254 143 0
254 143 0
254 144 0
254 144 0
254 144 0
254 144 0
254 144 0
254 145 0
254 145 0
254 145 0
254 145 0
254 145 0
254 145 0
254 146 0
254 146 0
254 146 0
254 146 0
254 146 0
254 146 0
254 147 0
254 147 0
254 147 0
254 147 0
254 147 0
254 147 0
254 148 0
254 148 0
254 148 0
254 148 0
254 148 0
254 148 0
254 149 0
254 149 0
254 149 0
254 149 0
254 149 0
254 149 0
254 150 0
254 150 0
254 150 0
254 150 0
254 150 0
254 150 0
254 151 0
254 151 0
254 151 0
254 151 0
254 151 0
254 151 0
254 152 0
254 152 0
254 152 0
254 152 0
254 152 0
254 153 0
254 153 0
254 153 0
254 153 0
254 153 0
254 153 0
254 154 0
254 154 0
254 154 0
254 154 0
254 154 0
254 154 0
254 155 0
254 155 0
254 155 0
254 155 0
254 155 0
254 155 0
254 156 0
254 156 0
254 156 0
254 156 0
254 156 0
254 156 0
254 157 0
254 157 0
254 157 0
254 157 0
254 157 0
254 157 0
254 158 0
254 158 0
254 158 0
254 158 0
254 158 0
254 158 0
254 159 0
254 159 0
254 159 0
254 159 0
254 159 0
254 159 0
254 160 0
254 160 0
254 160 0
254 160 0
254 160 0
254 160 0
254 161 0
254 161 0
254 161 0
254 161 0
254 161 0
254 162 0
254 162 0
254 162 0
254 162 0
254 162 0
254 162 0
254 163 0
254 163 0
254 163 0
254 163 0
254 163 0
254 163 0
254 164 0
254 164 0
254 164 0
254 164 0
254 164 0
254 164 0
254 165 0
254 165 0
254 165 0
254 165 0
254 165 0
254 165 0
254 166 0
254 166 0
254 166 0
254 166 0
254 166 0
254 166 0
254 167 0
254 167 0
254 167 0
254 167 0
254 167 0
254 167 0
254 168 0
254 168 0
254 168 0
254 168 0
254 168 0
254 168 0
254 169 0
254 169 0
254 169 0
254 169 0
254 169 0
254 170 0
164 0 0
164 0 0
164 0 0
164 0 0
164 0 0
164 0 0
163 0 0
163 0 0
163 0 0
163 0 0
163 0 0
163 0 0
163 0 0
163 0 0
163 0 0
163 0 0
163 0 0
163 0 0
162 0 0
162 0 0
162 0 0
162 0 0
162 0 0
162 0 0
162 0 0
162 0 0
162 0 0
162 0 0
161 0 0
161 0 0
161 0 0
161 0 0
161 0 0
161 0 0
161 0 0
161 0 0
161 0 0
161 0 0
160 0 0
160 0 0
160 0 0
160 0 0
160 0 0
160 0 0
160 0 0
160 0 0
160 0 0
160 0 0
160 0 0
160 0 0
159 0 0
159 0 0
159 0 0
159 0 0
159 0 0
159 0 0
159 0 0
159 0 0
159 0 0
159 0 0
159 0 0
159 0 0
158 0 0
158 0 0
158 0 0
158 0 0
158 0 0
158 0 0
158 0 0
158 0 0
158 0 0
158 0 0
158 0 0
158 0 0
157 0 0
157 0 0
157 0 0
157 0 0
157 0 0
157 0 0
157 0 0
157 0 0
157 0 0
157 0 0
157 0 0
157 0 0
156 0 0
156 0 0
156 0 0
156 0 0
156 0 0
156 0 0
156 0 0
156 0 0
156 0 0
156 0 0
155 0 0
155 0 0
155 0 0
155 0 0
155 0 0
155 0 0
155 0 0
155 0 0
155 0 0
155 0 0
155 0 0
155 0 0
154 0 0
154 0 0
154 0 0
154 0 0
154 0 0
154 0 0
154 0 0
154 0 0
154 0 0
154 0 0
154 0 0
154 0 0
153 0 0
153 0 0
153 0 0
153 0 0
153 0 0
153 0 0
153 0 0
153 0 0
153 0 0
153 0 0
153 0 0
153 0 0
152 0 0
152 0 0
152 0 0
152 0 0
152 0 0
152 0 0
152 0 0
152 0 0
152 0 0
152 0 0
151 0 0
151 0 0
151 0 0
151 0 0
151 0 0
151 0 0
151 0 0
151 0 0
151 0 0
151 0 0
151 0 0
151 0 0
150 0 0
150 0 0
150 0 0
150 0 0
150 0 0
150 0 0
150 0 0
150 0 0
150 0 0
150 0 0
149 0 0
149 0 0
149 0 0
149 0 0
149 0 0
149 0 0
149 0 0
149 0 0
149 0 0
149 0 0
149 0 0
149 0 0
148 0 0
148 0 0
148 0 0
148 0 0
148 0 0
148 0 0
148 0 0
148 0 0
148 0 0
148 0 0
148 0 0
148 0 0
147 0 0
147 0 0
147 0 0
147 0 0
147 0 0
147 0 0
147 0 0
147 0 0
147 0 0
147 0 0
147 0 0
147 0 0
146 0 0
146 0 0
146 0 0
146 0 0
146 0 0
146 0 0
146 0 0
146 0 0
146 0 0
146 0 0
146 0 0
146 0 0
145 0 0
145 0 0
145 0 0
145 0 0
145 0 0
145 0 0
145 0 0
145 0 0
145 0 0
145 0 0
145 0 0
145 0 0
144 0 0
144 0 0
144 0 0
144 0 0
144 0 0
144 0 0
144 0 0
144 0 0
143 0 0
143 0 0
143 0 0
143 0 0
143 0 0
143 0 0
143 0 0
143 0 0
143 0 0
143 0 0
143 0 0
143 0 0
142 0 0
142 0 0
142 0 0
142 0 0
142 0 0
142 0 0
142 0 0
142 0 0
142 0 0
142 0 0
142 0 0
142 0 0
141 0 0
141 0 0
141 0 0
141 0 0
141 0 0
141 0 0
141 0 0
141 0 0
141 0 0
141 0 0
141 0 0
141 0 0
140 0 0
140 0 0
140 0 0
140 0 0
140 0 0
140 0 0
140 0 0
140 0 0
140 0 0
140 0 0
140 0 0
140 0 0
139 0 0
139 0 0
139 0 0
139 0 0
139 0 0
139 0 0
139 0 0
139 0 0
139 0 0
139 0 0
139 0 0
139 0 0
138 0 0
138 0 0
138 0 0
138 0 0
138 0 0
138 0 0
138 0 0
138 0 0
138 0 0
138 0 0
137 0 0
137 0 0
137 0 0
137 0 0
137 0 0
137 0 0
137 0 0
137 0 0
137 0 0
137 0 0
137 0 0
137 0 0
136 0 0
136 0 0
136 0 0
136 0 0
136 0 0
136 0 0
136 0 0
136 0 0
136 0 0
136 0 0
136 0 0
136 0 0
135 0 0
135 0 0
135 0 0
135 0 0
135 0 0
135 0 0
135 0 0
135 0 0
135 0 0
135 0 0
134 0 0
134 0 0
134 0 0
134 0 0
134 0 0
134 0 0
134 0 0
134 0 0
134 0 0
134 0 0
134 0 0
134 0 0
133 0 0
133 0 0
133 0 0
133 0 0
133 0 0
133 0 0
133 0 0
133 0 0
133 0 0
133 0 0
133 0 0
133 0 0
132 0 0
132 0 0
132 0 0
132 0 0
132 0 0
132 0 0
132 0 0
132 0 0
132 0 0
132 0 0
131 0 0
131 0 0
131 0 0
131 0 0
131 0 0
131 0 0
131 0 0
131 0 0
131 0 0
131 0 0
131 0 0
131 0 0
130 0 0
130 0 0
130 0 0
130 0 0
130 0 0
130 0 0
130 0 0
130 0 0
130 0 0
130 0 0
130 0 0
130 0 0
129 0 0
129 0 0
129 0 0
129 0 0
129 0 0
129 0 0
129 0 0
129 0 0
129 0 0
129 0 0
129 0 0
129 0 0
128 0 0
128 0 0
128 0 0
128 0 0
128 0 0
128 0 0
128 0 0
128 0 0
128 0 0
128 0 0
128 0 0
128 0 0
127 0 0
127 0 0
127 0 0
127 0 0
127 0 0
127 0 0
127 0 0
127 0 0
127 0 0
127 0 0
126 0 0
126 0 0
126 0 0
126 0 0
126 0 0
126 0 0
126 0 0
126 0 0
126 0 0
126 0 0
126 0 0
126 0 0
125 0 0
125 0 0
125 0 0
125 0 0
125 0 0
125 0 0
125 0 0
125 0 0
125 0 0
125 0 0
124 0 0
124 0 0
124 0 0
124 0 0
124 0 0
124 0 0
124 0 0
124 0 0
124 0 0
124 0 0
124 0 0
124 0 0
123 0 0
123 0 0
123 0 0
123 0 0
123 0 0
123 0 0
123 0 0
123 0 0
123 0 0
123 0 0
123 0 0
123 0 0
122 0 0
122 0 0
122 0 0
122 0 0
122 0 0
122 0 0
122 0 0
122 0 0
122 0 0
122 0 0
122 0 0
122 0 0
121 0 0
121 0 0
121 0 0
121 0 0
121 0 0
121 0 0
121 0 0
121 0 0
121 0 0
121 0 0
121 0 0
121 0 0
120 0 0
0 0 0

