0 0 0
0 0 0
1 0 0
1 0 1
2 0 1
2 0 1
3 1 2
3 1 2
4 1 2
4 1 3
5 1 3
5 1 3
6 2 4
6 2 4
7 2 4
7 2 5
8 2 5
8 2 5
9 3 6
9 3 6
10 3 6
10 3 7
11 3 7
11 3 7
12 4 8
12 4 8
13 4 8
13 4 9
14 4 9
14 4 9
15 5 10
15 5 10
16 5 10
16 5 11
17 5 11
17 5 11
18 6 12
18 6 12
19 6 12
19 6 13
20 6 13
20 6 13
21 7 14
21 7 14
22 7 14
22 7 15
23 7 15
23 7 15
24 8 16
24 8 16
25 8 17
26 8 17
26 8 17
27 9 18
27 9 18
28 9 18
28 9 19
29 9 19
29 9 19
30 10 20
30 10 20
31 10 20
31 10 21
32 10 21
32 10 21
33 11 22
33 11 22
34 11 22
34 11 23
35 11 23
35 11 23
36 12 24
36 12 24
37 12 24
37 12 25
38 12 25
38 12 25
39 13 26
39 13 26
40 13 26
40 13 27
41 13 27
41 13 27
42 14 28
42 14 28
43 14 28
43 14 29
44 14 29
44 14 29
45 15 30
45 15 30
46 15 30
46 15 31
47 15 31
47 15 31
48 16 32
48 16 32
49 16 32
49 16 33
50 16 33
51 17 34
51 17 34
52 17 34
52 17 35
53 17 35
53 17 35
54 18 36
54 18 36
55 18 36
55 18 37
56 18 37
56 18 37
57 19 38
57 19 38
58 19 38
58 19 39
59 19 39
59 19 39
60 20 40
60 20 40
61 20 40
61 20 41
62 20 41
62 20 41
63 21 42
63 21 42
64 21 42
64 21 43
65 21 43
65 21 43
66 22 44
66 22 44
67 22 44
67 22 45
68 22 45
68 22 45
69 23 46
69 23 46
70 23 46
70 23 47
71 23 47
71 23 47
72 24 48
72 24 48
73 24 48
73 24 49
74 24 49
74 24 49
75 25 50
75 25 50
76 25 51
77 25 51
77 25 51
78 26 52
78 26 52
79 26 52
79 26 53
80 26 53
80 26 53
81 27 54
81 27 54
82 27 54
82 27 55
83 27 55
83 27 55
84 28 56
84 28 56
85 28 56
85 28 57
86 28 57
86 28 57
87 29 58
87 29 58
88 29 58
88 29 59
89 29 59
89 29 59
90 30 60
90 30 60
91 30 60
91 30 61
92 30 61
92 30 61
93 31 62
93 31 62
94 31 62
94 31 63
95 31 63
95 31 63
96 32 64
96 32 64
97 32 64
97 32 65
98 32 65
98 32 65
99 33 66
99 33 66
100 33 66
100 33 67
101 33 67
102 34 68
102 34 68
103 34 68
103 34 69
104 34 69
104 34 69
105 35 70
105 35 70
106 35 70
106 35 71
107 35 71
107 35 71
108 36 72
108 36 72
109 36 72
109 36 73
110 36 73
110 36 73
111 37 74
111 37 74
112 37 74
112 37 75
113 37 75
113 37 75
114 38 76
114 38 76
115 38 76
115 38 77
116 38 77
116 38 77
117 39 78
117 39 78
118 39 78
118 39 79
119 39 79
119 39 79
120 40 80
120 40 80
121 40 80
121 40 81
122 40 81
122 40 81
123 41 82
123 41 82
124 41 82
124 41 83
125 41 83
125 41 83
126 42 84
126 42 84
127 42 85
128 42 85
128 42 85
129 43 86
129 43 86
130 43 86
130 43 87
131 43 87
131 43 87
132 44 88
132 44 88
133 44 88
133 44 89
134 44 89
134 44 89
135 45 90
135 45 90
136 45 90
136 45 91
137 45 91
137 45 91
138 46 92
138 46 92
139 46 92
139 46 93
140 46 93
140 46 93
141 47 94
141 47 94
142 47 94
142 47 95
143 47 95
143 47 95
144 48 96
144 48 96
145 48 96
145 48 97
146 48 97
146 48 97
147 49 98
147 49 98
148 49 98
148 49 99
149 49 99
149 49 99
150 50 100
150 50 100
151 50 100
151 50 101
152 50 101
153 51 102
153 51 102
154 51 102
154 51 103
155 51 103
155 51 103
156 52 104
156 52 104
157 52 104
157 52 105
158 52 105
158 52 105
159 53 106
159 53 106
160 53 106
160 53 107
161 53 107
161 53 107
162 54 108
162 54 108
163 54 108
163 54 109
164 54 109
164 54 109
165 55 110
165 55 110
166 55 110
166 55 111
167 55 111
167 55 111
168 56 112
168 56 112
169 56 112
169 56 113
170 56 113
170 56 113
171 57 114
171 57 114
172 57 114
172 57 115
173 57 115
173 57 115
174 58 116
174 58 116
175 58 116
175 58 117
176 58 117
176 58 117
177 59 118
177 59 118
178 59 119
179 59 119
179 59 119
180 60 120
180 60 120
181 60 120
181 60 121
182 60 121
182 60 121
183 61 122
183 61 122
184 61 122
184 61 123
185 61 123
185 61 123
186 62 124
186 62 124
187 62 124
187 62 125
188 62 125
188 62 125
189 63 126
189 63 126
190 63 126
190 63 127
191 63 127
191 63 127
192 64 128
192 64 128
193 64 128
193 64 129
194 64 129
194 64 129
195 65 130
195 65 130
196 65 130
196 65 131
197 65 131
197 65 131
198 66 132
198 66 132
199 66 132
199 66 133
200 66 133
200 66 133
201 67 134
201 67 134
202 67 134
202 67 135
203 67 135
204 68 136
204 68 136
205 68 136
205 68 137
206 68 137
206 68 137
207 69 138
207 69 138
208 69 138
208 69 139
209 69 139
209 69 139
210 70 140
210 70 140
211 70 140
211 70 141
212 70 141
212 70 141
213 71 142
213 71 142
214 71 142
214 71 143
215 71 143
215 71 143
216 72 144
216 72 144
217 72 144
217 72 145
218 72 145
218 72 145
219 73 146
219 73 146
220 73 146
220 73 147
221 73 147
221 73 147
222 74 148
222 74 148
223 74 148
223 74 149
224 74 149
224 74 149
225 75 150
225 75 150
226 75 150
226 75 151
227 75 151
227 75 151
228 76 152
228 76 152
229 76 153
230 76 153
230 76 153
231 77 154
231 77 154
232 77 154
232 77 155
233 77 155
233 77 155
234 78 156
234 78 156
235 78 156
235 78 157
236 78 157
236 78 157
237 79 158
237 79 158
238 79 158
238 79 159
239 79 159
239 79 159
240 80 160
240 80 160
241 80 160
241 80 161
242 80 161
242 80 161
243 81 162
243 81 162
244 81 162
244 81 163
245 81 163
245 81 163
246 82 164
246 82 164
247 82 164
247 82 165
248 82 165
248 82 165
249 83 166
249 83 166
250 83 166
250 83 167
251 83 167
251 83 167
252 84 168
252 84 168
253 84 168
253 84 169
254 84 169
0 0 170
0 0 170
1 1 170
1 1 171
2 2 171
2 2 171
3 3 172
3 3 172
4 4 172
4 4 173
5 5 173
5 5 173
6 6 174
6 6 174
7 7 174
7 7 175
8 8 175
8 8 175
9 9 176
9 9 176
10 10 176
10 10 177
11 11 177
11 11 177
12 12 178
12 12 178
13 13 178
13 13 179
14 14 179
14 14 179
15 15 180
15 15 180
16 16 180
16 16 181
17 17 181
17 17 181
18 18 182
18 18 182
19 19 182
19 19 183
20 20 183
20 20 183
21 21 184
21 21 184
22 22 184
22 22 185
23 23 185
23 23 185
24 24 186
24 24 186
25 25 187
26 26 187
26 26 187
27 27 188
27 27 188
28 28 188
28 28 189
29 29 189
29 29 189
30 30 190
30 30 190
31 31 190
31 31 191
32 32 191
32 32 191
33 33 192
33 33 192
34 34 192
34 34 193
35 35 193
35 35 193
36 36 194
36 36 194
37 37 194
37 37 195
38 38 195
38 38 195
39 39 196
39 39 196
40 40 196
40 40 197
41 41 197
41 41 197
42 42 198
42 42 198
43 43 198
43 43 199
44 44 199
44 44 199
45 45 200
45 45 200
46 46 200
46 46 201
47 47 201
47 47 201
48 48 202
48 48 202
49 49 202
49 49 203
50 50 203
51 51 204
51 51 204
52 52 204
52 52 205
53 53 205
53 53 205
54 54 206
54 54 206
55 55 206
55 55 207
56 56 207
56 56 207
57 57 208
57 57 208
58 58 208
58 58 209
59 59 209
59 59 209
60 60 210
60 60 210
61 61 210
61 61 211
62 62 211
62 62 211
63 63 212
63 63 212
64 64 212
64 64 213
65 65 213
65 65 213
66 66 214
66 66 214
67 67 214
67 67 215
68 68 215
68 68 215
69 69 216
69 69 216
70 70 216
70 70 217
71 71 217
71 71 217
72 72 218
72 72 218
73 73 218
73 73 219
74 74 219
74 74 219
75 75 220
75 75 220
76 76 221
77 77 221
77 77 221
78 78 222
78 78 222
79 79 222
79 79 223
80 80 223
80 80 223
81 81 224
81 81 224
82 82 224
82 82 225
83 83 225
83 83 225
84 84 226
84 84 226
85 85 226
85 85 227
86 86 227
86 86 227
87 87 228
87 87 228
88 88 228
88 88 229
89 89 229
89 89 229
90 90 230
90 90 230
91 91 230
91 91 231
92 92 231
92 92 231
93 93 232
93 93 232
94 94 232
94 94 233
95 95 233
95 95 233
96 96 234
96 96 234
97 97 234
97 97 235
98 98 235
98 98 235
99 99 236
99 99 236
100 100 236
100 100 237
101 101 237
102 102 238
102 102 238
103 103 238
103 103 239
104 104 239
104 104 239
105 105 240
105 105 240
106 106 240
106 106 241
107 107 241
107 107 241
108 108 242
108 108 242
109 109 242
109 109 243
110 110 243
110 110 243
111 111 244
111 111 244
112 112 244
112 112 245
113 113 245
113 113 245
114 114 246
114 114 246
115 115 246
115 115 247
116 116 247
116 116 247
117 117 248
117 117 248
118 118 248
118 118 249
119 119 249
119 119 249
120 120 250
120 120 250
121 121 250
121 121 251
122 122 251
122 122 251
123 123 252
123 123 252
124 124 252
124 124 253
125 125 253
125 125 253
126 126 254
126 126 254
127 127 0
128 127 0
128 127 0
129 128 1
129 128 1
130 128 1
130 128 2
131 128 2
131 128 2
132 129 3
132 129 3
133 129 3
133 129 4
134 129 4
134 129 4
135 130 5
135 130 5
136 130 5
136 130 6
137 130 6
137 130 6
138 131 7
138 131 7
139 131 7
139 131 8
140 131 8
140 131 8
141 132 9
141 132 9
142 132 9
142 132 10
143 132 10
143 132 10
144 133 11
144 133 11
145 133 11
145 133 12
146 133 12
146 133 12
147 134 13
147 134 13
148 134 13
148 134 14
149 134 14
149 134 14
150 135 15
150 135 15
151 135 15
151 135 16
152 135 16
153 136 17
153 136 17
154 136 17
154 136 18
155 136 18
155 136 18
156 137 19
156 137 19
157 137 19
157 137 20
158 137 20
158 137 20
159 138 21
159 138 21
160 138 21
160 138 22
161 138 22
161 138 22
162 139 23
162 139 23
163 139 23
163 139 24
164 139 24
164 139 24
165 140 25
165 140 25
166 140 25
166 140 26
167 140 26
167 140 26
168 141 27
168 141 27
169 141 27
169 141 28
170 141 28
170 141 28
171 142 29
171 142 29
172 142 29
172 142 30
173 142 30
173 142 30
174 143 31
174 143 31
175 143 31
175 143 32
176 143 32
176 143 32
177 144 33
177 144 33
178 144 34
179 144 34
179 144 34
180 145 35
180 145 35
181 145 35
181 145 36
182 145 36
182 145 36
183 146 37
183 146 37
184 146 37
184 146 38
185 146 38
185 146 38
186 147 39
186 147 39
187 147 39
187 147 40
188 147 40
188 147 40
189 148 41
189 148 41
190 148 41
190 148 42
191 148 42
191 148 42
192 149 43
192 149 43
193 149 43
193 149 44
194 149 44
194 149 44
195 150 45
195 150 45
196 150 45
196 150 46
197 150 46
197 150 46
198 151 47
198 151 47
199 151 47
199 151 48
200 151 48
200 151 48
201 152 49
201 152 49
202 152 49
202 152 50
203 152 50
204 153 51
204 153 51
205 153 51
205 153 52
206 153 52
206 153 52
207 154 53
207 154 53
208 154 53
208 154 54
209 154 54
209 154 54
210 155 55
210 155 55
211 155 55
211 155 56
212 155 56
212 155 56
213 156 57
213 156 57
214 156 57
214 156 58
215 156 58
215 156 58
216 157 59
216 157 59
217 157 59
217 157 60
218 157 60
218 157 60
219 158 61
219 158 61
220 158 61
220 158 62
221 158 62
221 158 62
222 159 63
222 159 63
223 159 63
223 159 64
224 159 64
224 159 64
225 160 65
225 160 65
226 160 65
226 160 66
227 160 66
227 160 66
228 161 67
228 161 67
229 161 68
230 161 68
230 161 68
231 162 69
231 162 69
232 162 69
232 162 70
233 162 70
233 162 70
234 163 71
234 163 71
235 163 71
235 163 72
236 163 72
236 163 72
237 164 73
237 164 73
238 164 73
238 164 74
239 164 74
239 164 74
240 165 75
240 165 75
241 165 75
241 165 76
242 165 76
242 165 76
243 166 77
243 166 77
244 166 77
244 166 78
245 166 78
245 166 78
246 167 79
246 167 79
247 167 79
247 167 80
248 167 80
248 167 80
249 168 81
249 168 81
250 168 81
250 168 82
251 168 82
251 168 82
252 169 83
252 169 83
253 169 83
253 169 84
254 169 84
0 0 85
0 0 85
1 1 85
1 1 86
2 2 86
2 2 86
3 3 87
3 3 87
4 4 87
4 4 88
5 5 88
5 5 88
6 6 89
6 6 89
7 7 89
7 7 90
8 8 90
8 8 90
9 9 91
9 9 91
10 10 91
10 10 92
11 11 92
11 11 92
12 12 93
12 12 93
13 13 93
13 13 94
14 14 94
14 14 94
15 15 95
15 15 95
16 16 95
16 16 96
17 17 96
17 17 96
18 18 97
18 18 97
19 19 97
19 19 98
20 20 98
20 20 98
21 21 99
21 21 99
22 22 99
22 22 100
23 23 100
23 23 100
24 24 101
24 24 101
25 25 102
26 26 102
26 26 102
27 27 103
27 27 103
28 28 103
28 28 104
29 29 104
29 29 104
30 30 105
30 30 105
31 31 105
31 31 106
32 32 106
32 32 106
33 33 107
33 33 107
34 34 107
34 34 108
35 35 108
35 35 108
36 36 109
36 36 109
37 37 109
37 37 110
38 38 110
38 38 110
39 39 111
39 39 111
40 40 111
40 40 112
41 41 112
41 41 112
42 42 113
42 42 113
43 43 113
43 43 114
44 44 114
44 44 114
45 45 115
45 45 115
46 46 115
46 46 116
47 47 116
47 47 116
48 48 117
48 48 117
49 49 117
49 49 118
50 50 118
51 51 119
51 51 119
52 52 119
52 52 120
53 53 120
53 53 120
54 54 121
54 54 121
55 55 121
55 55 122
56 56 122
56 56 122
57 57 123
57 57 123
58 58 123
58 58 124
59 59 124
59 59 124
60 60 125
60 60 125
61 61 125
61 61 126
62 62 126
62 62 126
63 63 127
63 63 127
64 64 127
64 64 128
65 65 128
65 65 128
66 66 129
66 66 129
67 67 129
67 67 130
68 68 130
68 68 130
69 69 131
69 69 131
70 70 131
70 70 132
71 71 132
71 71 132
72 72 133
72 72 133
73 73 133
73 73 134
74 74 134
74 74 134
75 75 135
75 75 135
76 76 136
77 77 136
77 77 136
78 78 137
78 78 137
79 79 137
79 79 138
80 80 138
80 80 138
81 81 139
81 81 139
82 82 139
82 82 140
83 83 140
83 83 140
84 84 141
84 84 141
85 85 141
85 85 142
86 86 142
86 86 142
87 87 143
87 87 143
88 88 143
88 88 144
89 89 144
89 89 144
90 90 145
90 90 145
91 91 145
91 91 146
92 92 146
92 92 146
93 93 147
93 93 147
94 94 147
94 94 148
95 95 148
95 95 148
96 96 149
96 96 149
97 97 149
97 97 150
98 98 150
98 98 150
99 99 151
99 99 151
100 100 151
100 100 152
101 101 152
102 102 153
102 102 153
103 103 153
103 103 154
104 104 154
104 104 154
105 105 155
105 105 155
106 106 155
106 106 156
107 107 156
107 107 156
108 108 157
108 108 157
109 109 157
109 109 158
110 110 158
110 110 158
111 111 159
111 111 159
112 112 159
112 112 160
113 113 160
113 113 160
114 114 161
114 114 161
115 115 161
115 115 162
116 116 162
116 116 162
117 117 163
117 117 163
118 118 163
118 118 164
119 119 164
119 119 164
120 120 165
120 120 165
121 121 165
121 121 166
122 122 166
122 122 166
123 123 167
123 123 167
124 124 167
124 124 168
125 125 168
125 125 168
126 126 169
126 126 169
127 127 170
128 128 170
128 128 170
129 129 171
129 129 171
130 130 171
130 130 172
131 131 172
131 131 172
132 132 173
132 132 173
133 133 173
133 133 174
134 134 174
134 134 174
135 135 175
135 135 175
136 136 175
136 136 176
137 137 176
137 137 176
138 138 177
138 138 177
139 139 177
139 139 178
140 140 178
140 140 178
141 141 179
141 141 179
142 142 179
142 142 180
143 143 180
143 143 180
144 144 181
144 144 181
145 145 181
145 145 182
146 146 182
146 146 182
147 147 183
147 147 183
148 148 183
148 148 184
149 149 184
149 149 184
150 150 185
150 150 185
151 151 185
151 151 186
152 152 186
153 153 187
153 153 187
154 154 187
154 154 188
155 155 188
155 155 188
156 156 189
156 156 189
157 157 189
157 157 190
158 158 190
158 158 190
159 159 191
159 159 191
160 160 191
160 160 192
161 161 192
161 161 192
162 162 193
162 162 193
163 163 193
163 163 194
164 164 194
164 164 194
165 165 195
165 165 195
166 166 195
166 166 196
167 167 196
167 167 196
168 168 197
168 168 197
169 169 197
169 169 198
170 170 198
170 170 198
171 171 199
171 171 199
172 172 199
172 172 200
173 173 200
173 173 200
174 174 201
174 174 201
175 175 201
175 175 202
176 176 202
176 176 202
177 177 203
177 177 203
178 178 204
179 179 204
179 179 204
180 180 205
180 180 205
181 181 205
181 181 206
182 182 206
182 182 206
183 183 207
183 183 207
184 184 207
184 184 208
185 185 208
185 185 208
186 186 209
186 186 209
187 187 209
187 187 210
188 188 210
188 188 210
189 189 211
189 189 211
190 190 211
190 190 212
191 191 212
191 191 212
192 192 213
192 192 213
193 193 213
193 193 214
194 194 214
194 194 214
195 195 215
195 195 215
196 196 215
196 196 216
197 197 216
197 197 216
198 198 217
198 198 217
199 199 217
199 199 218
200 200 218
200 200 218
201 201 219
201 201 219
202 202 219
202 202 220
203 203 220
204 204 221
204 204 221
205 205 221
205 205 222
206 206 222
206 206 222
207 207 223
207 207 223
208 208 223
208 208 224
209 209 224
209 209 224
210 210 225
210 210 225
211 211 225
211 211 226
212 212 226
212 212 226
213 213 227
213 213 227
214 214 227
214 214 228
215 215 228
215 215 228
216 216 229
216 216 229
217 217 229
217 217 230
218 218 230
218 218 230
219 219 231
219 219 231
220 220 231
220 220 232
221 221 232
221 221 232
222 222 233
222 222 233
223 223 233
223 223 234
224 224 234
224 224 234
225 225 235
225 225 235
226 226 235
226 226 236
227 227 236
227 227 236
228 228 237
228 228 237
229 229 238
230 230 238
230 230 238
231 231 239
231 231 239
232 232 239
232 232 240
233 233 240
233 233 240
234 234 241
234 234 241
235 235 241
235 235 242
236 236 242
236 236 242
237 237 243
237 237 243
238 238 243
238 238 244
239 239 244
239 239 244
240 240 245
240 240 245
241 241 245
241 241 246
242 242 246
242 242 246
243 243 247
243 243 247
244 244 247
244 244 248
245 245 248
245 245 248
246 246 249
246 246 249
247 247 249
247 247 250
248 248 250
248 248 250
249 249 251
249 249 251
250 250 251
250 250 252
251 251 252
251 251 252
252 252 253
252 252 253
253 253 253
253 253 254
254 254 254

