0 0 0
0 0 0
0 0 1
0 1 2
0 1 3
0 1 4
1 2 5
1 2 5
1 2 6
1 3 7
1 3 8
1 3 9
2 4 10
2 4 11
2 4 11
2 5 12
2 5 13
2 5 14
3 6 15
3 6 16
3 6 17
3 7 17
3 7 18
3 7 19
4 8 20
4 8 21
4 8 22
4 9 22
4 9 23
4 9 24
5 10 25
5 10 26
5 10 27
5 11 28
5 11 28
5 11 29
6 12 30
6 12 31
6 12 32
6 13 33
6 13 34
6 13 34
7 14 35
7 14 36
7 14 37
7 15 38
7 15 39
7 15 39
8 16 40
8 16 41
8 17 42
8 17 43
8 17 44
9 18 45
9 18 45
9 18 46
9 19 47
9 19 48
9 19 49
10 20 50
10 20 51
10 20 51
10 21 52
10 21 53
10 21 54
11 22 55
11 22 56
11 22 56
11 23 57
11 23 58
11 23 59
12 24 60
12 24 61
12 24 62
12 25 62
12 25 63
12 25 64
13 26 65
13 26 66
13 26 67
13 27 68
13 27 68
13 27 69
14 28 70
14 28 71
14 28 72
14 29 73
14 29 73
14 29 74
15 30 75
15 30 76
15 30 77
15 31 78
15 31 79
15 31 79
16 32 80
16 32 81
16 32 82
16 33 83
16 33 84
17 34 85
17 34 85
17 34 86
17 35 87
17 35 88
17 35 89
18 36 90
18 36 90
18 36 91
18 37 92
18 37 93
18 37 94
19 38 95
19 38 96
19 38 96
19 39 97
19 39 98
19 39 99
20 40 100
20 40 101
20 40 102
20 41 102
20 41 103
20 41 104
21 42 105
21 42 106
21 42 107
21 43 107
21 43 108
21 43 109
22 44 110
22 44 111
22 44 112
22 45 113
22 45 113
22 45 114
23 46 115
23 46 116
23 46 117
23 47 118
23 47 119
23 47 119
24 48 120
24 48 121
24 48 122
24 49 123
24 49 124
24 49 124
25 50 125
25 50 126
25 51 127
25 51 128
25 51 129
26 52 130
26 52 130
26 52 131
26 53 132
26 53 133
26 53 134
27 54 135
27 54 136
27 54 136
27 55 137
27 55 138
27 55 139
28 56 140
28 56 141
28 56 141
28 57 142
28 57 143
28 57 144
29 58 145
29 58 146
29 58 147
29 59 147
29 59 148
29 59 149
30 60 150
30 60 151
30 60 152
30 61 153
30 61 153
30 61 154
31 62 155
31 62 156
31 62 157
31 63 158
31 63 158
31 63 159
32 64 160
32 64 161
32 64 162
32 65 163
32 65 164
32 65 164
33 66 165
33 66 166
33 66 167
33 67 168
33 67 169
34 68 170
34 68 170
34 68 171
34 69 172
34 69 173
34 69 174
35 70 175
35 70 175
35 70 176
35 71 177
35 71 178
35 71 179
36 72 180
36 72 181
36 72 181
36 73 182
36 73 183
36 73 184
37 74 185
37 74 186
37 74 187
37 75 187
37 75 188
37 75 189
38 76 190
38 76 191
38 76 192
38 77 192
38 77 193
38 77 194
39 78 195
39 78 196
39 78 197
39 79 198
39 79 198
39 79 199
40 80 200
40 80 201
40 80 202
40 81 203
40 81 204
40 81 204
41 82 205
41 82 206
41 82 207
41 83 208
41 83 209
41 83 209
42 84 210
42 84 211
42 85 212
42 85 213
42 85 214
43 86 215
43 86 215
43 86 216
43 87 217
43 87 218
43 87 219
44 88 220
44 88 221
44 88 221
44 89 222
44 89 223
44 89 224
45 90 225
45 90 226
45 90 226
45 91 227
45 91 228
45 91 229
46 92 230
46 92 231
46 92 232
46 93 232
46 93 233
46 93 234
47 94 235
47 94 236
47 94 237
47 95 238
47 95 238
47 95 239
48 96 240
48 96 241
48 96 242
48 97 243
48 97 243
48 97 244
49 98 245
49 98 246
49 98 247
49 99 248
49 99 249
49 99 249
50 100 250
50 100 251
50 100 252
50 101 253
50 101 254
51 102 0
51 102 0
51 102 1
51 103 2
51 103 3
51 103 4
52 104 5
52 104 5
52 104 6
52 105 7
52 105 8
52 105 9
53 106 10
53 106 11
53 106 11
53 107 12
53 107 13
53 107 14
54 108 15
54 108 16
54 108 17
54 109 17
54 109 18
54 109 19
55 110 20
55 110 21
55 110 22
55 111 22
55 111 23
55 111 24
56 112 25
56 112 26
56 112 27
56 113 28
56 113 28
56 113 29
57 114 30
57 114 31
57 114 32
57 115 33
57 115 34
57 115 34
58 116 35
58 116 36
58 116 37
58 117 38
58 117 39
58 117 39
59 118 40
59 118 41
59 119 42
59 119 43
59 119 44
60 120 45
60 120 45
60 120 46
60 121 47
60 121 48
60 121 49
61 122 50
61 122 51
61 122 51
61 123 52
61 123 53
61 123 54
62 124 55
62 124 56
62 124 56
62 125 57
62 125 58
62 125 59
63 126 60
63 126 61
63 126 62
63 127 62
63 127 63
63 127 64
64 128 65
64 128 66
64 128 67
64 129 68
64 129 68
64 129 69
65 130 70
65 130 71
65 130 72
65 131 73
65 131 73
65 131 74
66 132 75
66 132 76
66 132 77
66 133 78
66 133 79
66 133 79
67 134 80
67 134 81
67 134 82
67 135 83
67 135 84
68 136 85
68 136 85
68 136 86
68 137 87
68 137 88
68 137 89
69 138 90
69 138 90
69 138 91
69 139 92
69 139 93
69 139 94
70 140 95
70 140 96
70 140 96
70 141 97
70 141 98
70 141 99
71 142 100
71 142 101
71 142 102
71 143 102
71 143 103
71 143 104
72 144 105
72 144 106
72 144 107
72 145 107
72 145 108
72 145 109
73 146 110
73 146 111
73 146 112
73 147 113
73 147 113
73 147 114
74 148 115
74 148 116
74 148 117
74 149 118
74 149 119
74 149 119
75 150 120
75 150 121
75 150 122
75 151 123
75 151 124
75 151 124
76 152 125
76 152 126
76 153 127
76 153 128
76 153 129
77 154 130
77 154 130
77 154 131
77 155 132
77 155 133
77 155 134
78 156 135
78 156 136
78 156 136
78 157 137
78 157 138
78 157 139
79 158 140
79 158 141
79 158 141
79 159 142
79 159 143
79 159 144
80 160 145
80 160 146
80 160 147
80 161 147
80 161 148
80 161 149
81 162 150
81 162 151
81 162 152
81 163 153
81 163 153
81 163 154
82 164 155
82 164 156
82 164 157
82 165 158
82 165 158
82 165 159
83 166 160
83 166 161
83 166 162
83 167 163
83 167 164
83 167 164
84 168 165
84 168 166
84 168 167
84 169 168
84 169 169
85 170 170
85 170 170
85 170 171
85 171 172
85 171 173
85 171 174
86 172 175
86 172 175
86 172 176
86 173 177
86 173 178
86 173 179
87 174 180
87 174 181
87 174 181
87 175 182
87 175 183
87 175 184
88 176 185
88 176 186
88 176 187
88 177 187
88 177 188
88 177 189
89 178 190
89 178 191
89 178 192
89 179 192
89 179 193
89 179 194
90 180 195
90 180 196
90 180 197
90 181 198
90 181 198
90 181 199
91 182 200
91 182 201
91 182 202
91 183 203
91 183 204
91 183 204
92 184 205
92 184 206
92 184 207
92 185 208
92 185 209
92 185 209
93 186 210
93 186 211
93 187 212
93 187 213
93 187 214
94 188 215
94 188 215
94 188 216
94 189 217
94 189 218
94 189 219
95 190 220
95 190 221
95 190 221
95 191 222
95 191 223
95 191 224
96 192 225
96 192 226
96 192 226
96 193 227
96 193 228
96 193 229
97 194 230
97 194 231
97 194 232
97 195 232
97 195 233
97 195 234
98 196 235
98 196 236
98 196 237
98 197 238
98 197 238
98 197 239
99 198 240
99 198 241
99 198 242
99 199 243
99 199 243
99 199 244
100 200 245
100 200 246
100 200 247
100 201 248
100 201 249
100 201 249
101 202 250
101 202 251
101 202 252
101 203 253
101 203 254
102 204 0
102 204 0
102 204 1
102 205 2
102 205 3
102 205 4
103 206 5
103 206 5
103 206 6
103 207 7
103 207 8
103 207 9
104 208 10
104 208 11
104 208 11
104 209 12
104 209 13
104 209 14
105 210 15
105 210 16
105 210 17
105 211 17
105 211 18
105 211 19
106 212 20
106 212 21
106 212 22
106 213 22
106 213 23
106 213 24
107 214 25
107 214 26
107 214 27
107 215 28
107 215 28
107 215 29
108 216 30
108 216 31
108 216 32
108 217 33
108 217 34
108 217 34
109 218 35
109 218 36
109 218 37
109 219 38
109 219 39
109 219 39
110 220 40
110 220 41
110 221 42
110 221 43
110 221 44
111 222 45
111 222 45
111 222 46
111 223 47
111 223 48
111 223 49
112 224 50
112 224 51
112 224 51
112 225 52
112 225 53
112 225 54
113 226 55
113 226 56
113 226 56
113 227 57
113 227 58
113 227 59
114 228 60
114 228 61
114 228 62
114 229 62
114 229 63
114 229 64
115 230 65
115 230 66
115 230 67
115 231 68
115 231 68
115 231 69
116 232 70
116 232 71
116 232 72
116 233 73
116 233 73
116 233 74
117 234 75
117 234 76
117 234 77
117 235 78
117 235 79
117 235 79
118 236 80
118 236 81
118 236 82
118 237 83
118 237 84
119 238 85
119 238 85
119 238 86
119 239 87
119 239 88
119 239 89
120 240 90
120 240 90
120 240 91
120 241 92
120 241 93
120 241 94
121 242 95
121 242 96
121 242 96
121 243 97
121 243 98
121 243 99
122 244 100
122 244 101
122 244 102
122 245 102
122 245 103
122 245 104
123 246 105
123 246 106
123 246 107
123 247 107
123 247 108
123 247 109
124 248 110
124 248 111
124 248 112
124 249 113
124 249 113
124 249 114
125 250 115
125 250 116
125 250 117
125 251 118
125 251 119
125 251 119
126 252 120
126 252 121
126 252 122
126 253 123
126 253 124
126 253 124
127 254 125
127 254 126
127 0 127
127 0 128
127 0 129
128 1 130
128 1 130
128 1 131
128 2 132
128 2 133
128 2 134
129 3 135
129 3 136
129 3 136
129 4 137
129 4 138
129 4 139
130 5 140
130 5 141
130 5 141
130 6 142
130 6 143
130 6 144
131 7 145
131 7 146
131 7 147
131 8 147
131 8 148
131 8 149
132 9 150
132 9 151
132 9 152
132 10 153
132 10 153
132 10 154
133 11 155
133 11 156
133 11 157
133 12 158
133 12 158
133 12 159
134 13 160
134 13 161
134 13 162
134 14 163
134 14 164
134 14 164
135 15 165
135 15 166
135 15 167
135 16 168
135 16 169
136 17 170
136 17 170
136 17 171
136 18 172
136 18 173
136 18 174
137 19 175
137 19 175
137 19 176
137 20 177
137 20 178
137 20 179
138 21 180
138 21 181
138 21 181
138 22 182
138 22 183
138 22 184
139 23 185
139 23 186
139 23 187
139 24 187
139 24 188
139 24 189
140 25 190
140 25 191
140 25 192
140 26 192
140 26 193
140 26 194
141 27 195
141 27 196
141 27 197
141 28 198
141 28 198
141 28 199
142 29 200
142 29 201
142 29 202
142 30 203
142 30 204
142 30 204
143 31 205
143 31 206
143 31 207
143 32 208
143 32 209
143 32 209
144 33 210
144 33 211
144 34 212
144 34 213
144 34 214
145 35 215
145 35 215
145 35 216
145 36 217
145 36 218
145 36 219
146 37 220
146 37 221
146 37 221
146 38 222
146 38 223
146 38 224
147 39 225
147 39 226
147 39 226
147 40 227
147 40 228
147 40 229
148 41 230
148 41 231
148 41 232
148 42 232
148 42 233
148 42 234
149 43 235
149 43 236
149 43 237
149 44 238
149 44 238
149 44 239
150 45 240
150 45 241
150 45 242
150 46 243
150 46 243
150 46 244
151 47 245
151 47 246
151 47 247
151 48 248
151 48 249
151 48 249
152 49 250
152 49 251
152 49 252
152 50 253
152 50 254
153 51 0
153 51 0
153 51 1
153 52 2
153 52 3
153 52 4
154 53 5
154 53 5
154 53 6
154 54 7
154 54 8
154 54 9
155 55 10
155 55 11
155 55 11
155 56 12
155 56 13
155 56 14
156 57 15
156 57 16
156 57 17
156 58 17
156 58 18
156 58 19
157 59 20
157 59 21
157 59 22
157 60 22
157 60 23
157 60 24
158 61 25
158 61 26
158 61 27
158 62 28
158 62 28
158 62 29
159 63 30
159 63 31
159 63 32
159 64 33
159 64 34
159 64 34
160 65 35
160 65 36
160 65 37
160 66 38
160 66 39
160 66 39
161 67 40
161 67 41
161 68 42
161 68 43
161 68 44
162 69 45
162 69 45
162 69 46
162 70 47
162 70 48
162 70 49
163 71 50
163 71 51
163 71 51
163 72 52
163 72 53
163 72 54
164 73 55
164 73 56
164 73 56
164 74 57
164 74 58
164 74 59
165 75 60
165 75 61
165 75 62
165 76 62
165 76 63
165 76 64
166 77 65
166 77 66
166 77 67
166 78 68
166 78 68
166 78 69
167 79 70
167 79 71
167 79 72
167 80 73
167 80 73
167 80 74
168 81 75
168 81 76
168 81 77
168 82 78
168 82 79
168 82 79
169 83 80
169 83 81
169 83 82
169 84 83
169 84 84
170 85 85
170 85 85
170 85 86
170 86 87
170 86 88
170 86 89
171 87 90
171 87 90
171 87 91
171 88 92
171 88 93
171 88 94
172 89 95
172 89 96
172 89 96
172 90 97
172 90 98
172 90 99
173 91 100
173 91 101
173 91 102
173 92 102
173 92 103
173 92 104
174 93 105
174 93 106
174 93 107
174 94 107
174 94 108
174 94 109
175 95 110
175 95 111
175 95 112
175 96 113
175 96 113
175 96 114
176 97 115
176 97 116
176 97 117
176 98 118
176 98 119
176 98 119
177 99 120
177 99 121
177 99 122
177 100 123
177 100 124
177 100 124
178 101 125
178 101 126
178 102 127
178 102 128
178 102 129
179 103 130
179 103 130
179 103 131
179 104 132
179 104 133
179 104 134
180 105 135
180 105 136
180 105 136
180 106 137
180 106 138
180 106 139
181 107 140
181 107 141
181 107 141
181 108 142
181 108 143
181 108 144
182 109 145
182 109 146
182 109 147
182 110 147
182 110 148
182 110 149
183 111 150
183 111 151
183 111 152
183 112 153
183 112 153
183 112 154
184 113 155
184 113 156
184 113 157
184 114 158
184 114 158
184 114 159
185 115 160
185 115 161
185 115 162
185 116 163
185 116 164
185 116 164
186 117 165
186 117 166
186 117 167
186 118 168
186 118 169
187 119 170
187 119 170
187 119 171
187 120 172
187 120 173
187 120 174
188 121 175
188 121 175
188 121 176
188 122 177
188 122 178
188 122 179
189 123 180
189 123 181
189 123 181
189 124 182
189 124 183
189 124 184
190 125 185
190 125 186
190 125 187
190 126 187
190 126 188
190 126 189
191 127 190
191 127 191
191 127 192
191 128 192
191 128 193
191 128 194
192 129 195
192 129 196
192 129 197
192 130 198
192 130 198
192 130 199
193 131 200
193 131 201
193 131 202
193 132 203
193 132 204
193 132 204
194 133 205
194 133 206
194 133 207
194 134 208
194 134 209
194 134 209
195 135 210
195 135 211
195 136 212
195 136 213
195 136 214
196 137 215
196 137 215
196 137 216
196 138 217
196 138 218
196 138 219
197 139 220
197 139 221
197 139 221
197 140 222
197 140 223
197 140 224
198 141 225
198 141 226
198 141 226
198 142 227
198 142 228
198 142 229
199 143 230
199 143 231
199 143 232
199 144 232
199 144 233
199 144 234
200 145 235
200 145 236
200 145 237
200 146 238
200 146 238
200 146 239
201 147 240
201 147 241
201 147 242
201 148 243
201 148 243
201 148 244
202 149 245
202 149 246
202 149 247
202 150 248
202 150 249
202 150 249
203 151 250
203 151 251
203 151 252
203 152 253
203 152 254
204 153 0
204 153 0
204 153 1
204 154 2
204 154 3
204 154 4
205 155 5
205 155 5
205 155 6
205 156 7
205 156 8
205 156 9
206 157 10
206 157 11
206 157 11
206 158 12
206 158 13
206 158 14
207 159 15
207 159 16
207 159 17
207 160 17
207 160 18
207 160 19
208 161 20
208 161 21
208 161 22
208 162 22
208 162 23
208 162 24
209 163 25
209 163 26
209 163 27
209 164 28
209 164 28
209 164 29
210 165 30
210 165 31
210 165 32
210 166 33
210 166 34
210 166 34
211 167 35
211 167 36
211 167 37
211 168 38
211 168 39
211 168 39
212 169 40
212 169 41
212 170 42
212 170 43
212 170 44
213 171 45
213 171 45
213 171 46
213 172 47
213 172 48
213 172 49
214 173 50
214 173 51
214 173 51
214 174 52
214 174 53
214 174 54
215 175 55
215 175 56
215 175 56
215 176 57
215 176 58
215 176 59
216 177 60
216 177 61
216 177 62
216 178 62
216 178 63
216 178 64
217 179 65
217 179 66
217 179 67
217 180 68
217 180 68
217 180 69
218 181 70
218 181 71
218 181 72
218 182 73
218 182 73
218 182 74
219 183 75
219 183 76
219 183 77
219 184 78
219 184 79
219 184 79
220 185 80
220 185 81
220 185 82
220 186 83
220 186 84
221 187 85
221 187 85
221 187 86
221 188 87
221 188 88
221 188 89
222 189 90
222 189 90
222 189 91
222 190 92
222 190 93
222 190 94
223 191 95
223 191 96
223 191 96
223 192 97
223 192 98
223 192 99
224 193 100
224 193 101
224 193 102
224 194 102
224 194 103
224 194 104
225 195 105
225 195 106
225 195 107
225 196 107
225 196 108
225 196 109
226 197 110
226 197 111
226 197 112
226 198 113
226 198 113
226 198 114
227 199 115
227 199 116
227 199 117
227 200 118
227 200 119
227 200 119
228 201 120
228 201 121
228 201 122
228 202 123
228 202 124
228 202 124
229 203 125
229 203 126
229 204 127
229 204 128
229 204 129
230 205 130
230 205 130
230 205 131
230 206 132
230 206 133
230 206 134
231 207 135
231 207 136
231 207 136
231 208 137
231 208 138
231 208 139
232 209 140
232 209 141
232 209 141
232 210 142
232 210 143
232 210 144
233 211 145
233 211 146
233 211 147
233 212 147
233 212 148
233 212 149
234 213 150
234 213 151
234 213 152
234 214 153
234 214 153
234 214 154
235 215 155
235 215 156
235 215 157
235 216 158
235 216 158
235 216 159
236 217 160
236 217 161
236 217 162
236 218 163
236 218 164
236 218 164
237 219 165
237 219 166
237 219 167
237 220 168
237 220 169
238 221 170
238 221 170
238 221 171
238 222 172
238 222 173
238 222 174
239 223 175
239 223 175
239 223 176
239 224 177
239 224 178
239 224 179
240 225 180
240 225 181
240 225 181
240 226 182
240 226 183
240 226 184
241 227 185
241 227 186
241 227 187
241 228 187
241 228 188
241 228 189
242 229 190
242 229 191
242 229 192
242 230 192
242 230 193
242 230 194
243 231 195
243 231 196
243 231 197
243 232 198
243 232 198
243 232 199
244 233 200
244 233 201
244 233 202
244 234 203
244 234 204
244 234 204
245 235 205
245 235 206
245 235 207
245 236 208
245 236 209
245 236 209
246 237 210
246 237 211
246 238 212
246 238 213
246 238 214
247 239 215
247 239 215
247 239 216
247 240 217
247 240 218
247 240 219
248 241 220
248 241 221
248 241 221
248 242 222
248 242 223
248 242 224
249 243 225
249 243 226
249 243 226
249 244 227
249 244 228
249 244 229
250 245 230
250 245 231
250 245 232
250 246 232
250 246 233
250 246 234
251 247 235
251 247 236
251 247 237
251 248 238
251 248 238
251 248 239
252 249 240
252 249 241
252 249 242
252 250 243
252 250 243
252 250 244
253 251 245
253 251 246
253 251 247
253 252 248
253 252 249
253 252 249
254 253 250
254 253 251
254 253 252
254 254 253
254 254 254

