0 0 0
0 0 0
0 1 1
1 1 2
1 2 3
1 2 4
2 3 5
2 3 5
2 4 6
3 4 7
3 5 8
3 5 9
4 6 10
4 6 11
4 7 11
5 7 12
5 8 13
5 8 14
6 9 15
6 9 16
6 10 17
7 10 17
7 11 18
7 11 19
8 12 20
8 12 21
8 13 22
9 13 22
9 14 23
9 14 24
10 15 25
10 15 26
10 16 27
11 16 28
11 17 28
11 17 29
12 18 30
12 18 31
12 19 32
13 19 33
13 20 34
13 20 34
14 21 35
14 21 36
14 22 37
15 22 38
15 23 39
15 23 39
16 24 40
16 24 41
17 25 42
17 26 43
17 26 44
18 27 45
18 27 45
18 28 46
19 28 47
19 29 48
19 29 49
20 30 50
20 30 51
20 31 51
21 31 52
21 32 53
21 32 54
22 33 55
22 33 56
22 34 56
23 34 57
23 35 58
23 35 59
24 36 60
24 36 61
24 37 62
25 37 62
25 38 63
25 38 64
26 39 65
26 39 66
26 40 67
27 40 68
27 41 68
27 41 69
28 42 70
28 42 71
28 43 72
29 43 73
29 44 73
29 44 74
30 45 75
30 45 76
30 46 77
31 46 78
31 47 79
31 47 79
32 48 80
32 48 81
32 49 82
33 49 83
33 50 84
34 51 85
34 51 85
34 52 86
35 52 87
35 53 88
35 53 89
36 54 90
36 54 90
36 55 91
37 55 92
37 56 93
37 56 94
38 57 95
38 57 96
38 58 96
39 58 97
39 59 98
39 59 99
40 60 100
40 60 101
40 61 102
41 61 102
41 62 103
41 62 104
42 63 105
42 63 106
42 64 107
43 64 107
43 65 108
43 65 109
44 66 110
44 66 111
44 67 112
45 67 113
45 68 113
45 68 114
46 69 115
46 69 116
46 70 117
47 70 118
47 71 119
47 71 119
48 72 120
48 72 121
48 73 122
49 73 123
49 74 124
49 74 124
50 75 125
50 75 126
51 76 127
51 77 128
51 77 129
52 78 130
52 78 130
52 79 131
53 79 132
53 80 133
53 80 134
54 81 135
54 81 136
54 82 136
55 82 137
55 83 138
55 83 139
56 84 140
56 84 141
56 85 141
57 85 142
57 86 143
57 86 144
58 87 145
58 87 146
58 88 147
59 88 147
59 89 148
59 89 149
60 90 150
60 90 151
60 91 152
61 91 153
61 92 153
61 92 154
62 93 155
62 93 156
62 94 157
63 94 158
63 95 158
63 95 159
64 96 160
64 96 161
64 97 162
65 97 163
65 98 164
65 98 164
66 99 165
66 99 166
66 100 167
67 100 168
67 101 169
68 102 170
68 102 170
68 103 171
69 103 172
69 104 173
69 104 174
70 105 175
70 105 175
70 106 176
71 106 177
71 107 178
71 107 179
72 108 180
72 108 181
72 109 181
73 109 182
73 110 183
73 110 184
74 111 185
74 111 186
74 112 187
75 112 187
75 113 188
75 113 189
76 114 190
76 114 191
76 115 192
77 115 192
77 116 193
77 116 194
78 117 195
78 117 196
78 118 197
79 118 198
79 119 198
79 119 199
80 120 200
80 120 201
80 121 202
81 121 203
81 122 204
81 122 204
82 123 205
82 123 206
82 124 207
83 124 208
83 125 209
83 125 209
84 126 210
84 126 211
85 127 212
85 128 213
85 128 214
86 129 215
86 129 215
86 130 216
87 130 217
87 131 218
87 131 219
88 132 220
88 132 221
88 133 221
89 133 222
89 134 223
89 134 224
90 135 225
90 135 226
90 136 226
91 136 227
91 137 228
91 137 229
92 138 230
92 138 231
92 139 232
93 139 232
93 140 233
93 140 234
94 141 235
94 141 236
94 142 237
95 142 238
95 143 238
95 143 239
96 144 240
96 144 241
96 145 242
97 145 243
97 146 243
97 146 244
98 147 245
98 147 246
98 148 247
99 148 248
99 149 249
99 149 249
100 150 250
100 150 251
100 151 252
101 151 253
101 152 254
102 153 0
102 153 0
102 154 1
103 154 2
103 155 3
103 155 4
104 156 5
104 156 5
104 157 6
105 157 7
105 158 8
105 158 9
106 159 10
106 159 11
106 160 11
107 160 12
107 161 13
107 161 14
108 162 15
108 162 16
108 163 17
109 163 17
109 164 18
109 164 19
110 165 20
110 165 21
110 166 22
111 166 22
111 167 23
111 167 24
112 168 25
112 168 26
112 169 27
113 169 28
113 170 28
113 170 29
114 171 30
114 171 31
114 172 32
115 172 33
115 173 34
115 173 34
116 174 35
116 174 36
116 175 37
117 175 38
117 176 39
117 176 39
118 177 40
118 177 41
119 178 42
119 179 43
119 179 44
120 180 45
120 180 45
120 181 46
121 181 47
121 182 48
121 182 49
122 183 50
122 183 51
122 184 51
123 184 52
123 185 53
123 185 54
124 186 55
124 186 56
124 187 56
125 187 57
125 188 58
125 188 59
126 189 60
126 189 61
126 190 62
127 190 62
127 191 63
127 191 64
128 192 65
128 192 66
128 193 67
129 193 68
129 194 68
129 194 69
130 195 70
130 195 71
130 196 72
131 196 73
131 197 73
131 197 74
132 198 75
132 198 76
132 199 77
133 199 78
133 200 79
133 200 79
134 201 80
134 201 81
134 202 82
135 202 83
135 203 84
136 204 85
136 204 85
136 205 86
137 205 87
137 206 88
137 206 89
138 207 90
138 207 90
138 208 91
139 208 92
139 209 93
139 209 94
140 210 95
140 210 96
140 211 96
141 211 97
141 212 98
141 212 99
142 213 100
142 213 101
142 214 102
143 214 102
143 215 103
143 215 104
144 216 105
144 216 106
144 217 107
145 217 107
145 218 108
145 218 109
146 219 110
146 219 111
146 220 112
147 220 113
147 221 113
147 221 114
148 222 115
148 222 116
148 223 117
149 223 118
149 224 119
149 224 119
150 225 120
150 225 121
150 226 122
151 226 123
151 227 124
151 227 124
152 228 125
152 228 126
153 229 127
153 230 128
153 230 129
154 231 130
154 231 130
154 232 131
155 232 132
155 233 133
155 233 134
156 234 135
156 234 136
156 235 136
157 235 137
157 236 138
157 236 139
158 237 140
158 237 141
158 238 141
159 238 142
159 239 143
159 239 144
160 240 145
160 240 146
160 241 147
161 241 147
161 242 148
161 242 149
162 243 150
162 243 151
162 244 152
163 244 153
163 245 153
163 245 154
164 246 155
164 246 156
164 247 157
165 247 158
165 248 158
165 248 159
166 249 160
166 249 161
166 250 162
167 250 163
167 251 164
167 251 164
168 252 165
168 252 166
168 253 167
169 253 168
169 254 169
170 0 170
170 0 170
170 1 171
171 1 172
171 2 173
171 2 174
172 3 175
172 3 175
172 4 176
173 4 177
173 5 178
173 5 179
174 6 180
174 6 181
174 7 181
175 7 182
175 8 183
175 8 184
176 9 185
176 9 186
176 10 187
177 10 187
177 11 188
177 11 189
178 12 190
178 12 191
178 13 192
179 13 192
179 14 193
179 14 194
180 15 195
180 15 196
180 16 197
181 16 198
181 17 198
181 17 199
182 18 200
182 18 201
182 19 202
183 19 203
183 20 204
183 20 204
184 21 205
184 21 206
184 22 207
185 22 208
185 23 209
185 23 209
186 24 210
186 24 211
187 25 212
187 26 213
187 26 214
188 27 215
188 27 215
188 28 216
189 28 217
189 29 218
189 29 219
190 30 220
190 30 221
190 31 221
191 31 222
191 32 223
191 32 224
192 33 225
192 33 226
192 34 226
193 34 227
193 35 228
193 35 229
194 36 230
194 36 231
194 37 232
195 37 232
195 38 233
195 38 234
196 39 235
196 39 236
196 40 237
197 40 238
197 41 238
197 41 239
198 42 240
198 42 241
198 43 242
199 43 243
199 44 243
199 44 244
200 45 245
200 45 246
200 46 247
201 46 248
201 47 249
201 47 249
202 48 250
202 48 251
202 49 252
203 49 253
203 50 254
204 51 0
204 51 0
204 52 1
205 52 2
205 53 3
205 53 4
206 54 5
206 54 5
206 55 6
207 55 7
207 56 8
207 56 9
208 57 10
208 57 11
208 58 11
209 58 12
209 59 13
209 59 14
210 60 15
210 60 16
210 61 17
211 61 17
211 62 18
211 62 19
212 63 20
212 63 21
212 64 22
213 64 22
213 65 23
213 65 24
214 66 25
214 66 26
214 67 27
215 67 28
215 68 28
215 68 29
216 69 30
216 69 31
216 70 32
217 70 33
217 71 34
217 71 34
218 72 35
218 72 36
218 73 37
219 73 38
219 74 39
219 74 39
220 75 40
220 75 41
221 76 42
221 77 43
221 77 44
222 78 45
222 78 45
222 79 46
223 79 47
223 80 48
223 80 49
224 81 50
224 81 51
224 82 51
225 82 52
225 83 53
225 83 54
226 84 55
226 84 56
226 85 56
227 85 57
227 86 58
227 86 59
228 87 60
228 87 61
228 88 62
229 88 62
229 89 63
229 89 64
230 90 65
230 90 66
230 91 67
231 91 68
231 92 68
231 92 69
232 93 70
232 93 71
232 94 72
233 94 73
233 95 73
233 95 74
234 96 75
234 96 76
234 97 77
235 97 78
235 98 79
235 98 79
236 99 80
236 99 81
236 100 82
237 100 83
237 101 84
238 102 85
238 102 85
238 103 86
239 103 87
239 104 88
239 104 89
240 105 90
240 105 90
240 106 91
241 106 92
241 107 93
241 107 94
242 108 95
242 108 96
242 109 96
243 109 97
243 110 98
243 110 99
244 111 100
244 111 101
244 112 102
245 112 102
245 113 103
245 113 104
246 114 105
246 114 106
246 115 107
247 115 107
247 116 108
247 116 109
248 117 110
248 117 111
248 118 112
249 118 113
249 119 113
249 119 114
250 120 115
250 120 116
250 121 117
251 121 118
251 122 119
251 122 119
252 123 120
252 123 121
252 124 122
253 124 123
253 125 124
253 125 124
254 126 125
254 126 126
0 127 127
0 128 128
0 128 129
1 129 130
1 129 130
1 130 131
2 130 132
2 131 133
2 131 134
3 132 135
3 132 136
3 133 136
4 133 137
4 134 138
4 134 139
5 135 140
5 135 141
5 136 141
6 136 142
6 137 143
6 137 144
7 138 145
7 138 146
7 139 147
8 139 147
8 140 148
8 140 149
9 141 150
9 141 151
9 142 152
10 142 153
10 143 153
10 143 154
11 144 155
11 144 156
11 145 157
12 145 158
12 146 158
12 146 159
13 147 160
13 147 161
13 148 162
14 148 163
14 149 164
14 149 164
15 150 165
15 150 166
15 151 167
16 151 168
16 152 169
17 153 170
17 153 170
17 154 171
18 154 172
18 155 173
18 155 174
19 156 175
19 156 175
19 157 176
20 157 177
20 158 178
20 158 179
21 159 180
21 159 181
21 160 181
22 160 182
22 161 183
22 161 184
23 162 185
23 162 186
23 163 187
24 163 187
24 164 188
24 164 189
25 165 190
25 165 191
25 166 192
26 166 192
26 167 193
26 167 194
27 168 195
27 168 196
27 169 197
28 169 198
28 170 198
28 170 199
29 171 200
29 171 201
29 172 202
30 172 203
30 173 204
30 173 204
31 174 205
31 174 206
31 175 207
32 175 208
32 176 209
32 176 209
33 177 210
33 177 211
34 178 212
34 179 213
34 179 214
35 180 215
35 180 215
35 181 216
36 181 217
36 182 218
36 182 219
37 183 220
37 183 221
37 184 221
38 184 222
38 185 223
38 185 224
39 186 225
39 186 226
39 187 226
40 187 227
40 188 228
40 188 229
41 189 230
41 189 231
41 190 232
42 190 232
42 191 233
42 191 234
43 192 235
43 192 236
43 193 237
44 193 238
44 194 238
44 194 239
45 195 240
45 195 241
45 196 242
46 196 243
46 197 243
46 197 244
47 198 245
47 198 246
47 199 247
48 199 248
48 200 249
48 200 249
49 201 250
49 201 251
49 202 252
50 202 253
50 203 254
51 204 0
51 204 0
51 205 1
52 205 2
52 206 3
52 206 4
53 207 5
53 207 5
53 208 6
54 208 7
54 209 8
54 209 9
55 210 10
55 210 11
55 211 11
56 211 12
56 212 13
56 212 14
57 213 15
57 213 16
57 214 17
58 214 17
58 215 18
58 215 19
59 216 20
59 216 21
59 217 22
60 217 22
60 218 23
60 218 24
61 219 25
61 219 26
61 220 27
62 220 28
62 221 28
62 221 29
63 222 30
63 222 31
63 223 32
64 223 33
64 224 34
64 224 34
65 225 35
65 225 36
65 226 37
66 226 38
66 227 39
66 227 39
67 228 40
67 228 41
68 229 42
68 230 43
68 230 44
69 231 45
69 231 45
69 232 46
70 232 47
70 233 48
70 233 49
71 234 50
71 234 51
71 235 51
72 235 52
72 236 53
72 236 54
73 237 55
73 237 56
73 238 56
74 238 57
74 239 58
74 239 59
75 240 60
75 240 61
75 241 62
76 241 62
76 242 63
76 242 64
77 243 65
77 243 66
77 244 67
78 244 68
78 245 68
78 245 69
79 246 70
79 246 71
79 247 72
80 247 73
80 248 73
80 248 74
81 249 75
81 249 76
81 250 77
82 250 78
82 251 79
82 251 79
83 252 80
83 252 81
83 253 82
84 253 83
84 254 84
85 0 85
85 0 85
85 1 86
86 1 87
86 2 88
86 2 89
87 3 90
87 3 90
87 4 91
88 4 92
88 5 93
88 5 94
89 6 95
89 6 96
89 7 96
90 7 97
90 8 98
90 8 99
91 9 100
91 9 101
91 10 102
92 10 102
92 11 103
92 11 104
93 12 105
93 12 106
93 13 107
94 13 107
94 14 108
94 14 109
95 15 110
95 15 111
95 16 112
96 16 113
96 17 113
96 17 114
97 18 115
97 18 116
97 19 117
98 19 118
98 20 119
98 20 119
99 21 120
99 21 121
99 22 122
100 22 123
100 23 124
100 23 124
101 24 125
101 24 126
102 25 127
102 26 128
102 26 129
103 27 130
103 27 130
103 28 131
104 28 132
104 29 133
104 29 134
105 30 135
105 30 136
105 31 136
106 31 137
106 32 138
106 32 139
107 33 140
107 33 141
107 34 141
108 34 142
108 35 143
108 35 144
109 36 145
109 36 146
109 37 147
110 37 147
110 38 148
110 38 149
111 39 150
111 39 151
111 40 152
112 40 153
112 41 153
112 41 154
113 42 155
113 42 156
113 43 157
114 43 158
114 44 158
114 44 159
115 45 160
115 45 161
115 46 162
116 46 163
116 47 164
116 47 164
117 48 165
117 48 166
117 49 167
118 49 168
118 50 169
119 51 170
119 51 170
119 52 171
120 52 172
120 53 173
120 53 174
121 54 175
121 54 175
121 55 176
122 55 177
122 56 178
122 56 179
123 57 180
123 57 181
123 58 181
124 58 182
124 59 183
124 59 184
125 60 185
125 60 186
125 61 187
126 61 187
126 62 188
126 62 189
127 63 190
127 63 191
127 64 192
128 64 192
128 65 193
128 65 194
129 66 195
129 66 196
129 67 197
130 67 198
130 68 198
130 68 199
131 69 200
131 69 201
131 70 202
132 70 203
132 71 204
132 71 204
133 72 205
133 72 206
133 73 207
134 73 208
134 74 209
134 74 209
135 75 210
135 75 211
136 76 212
136 77 213
136 77 214
137 78 215
137 78 215
137 79 216
138 79 217
138 80 218
138 80 219
139 81 220
139 81 221
139 82 221
140 82 222
140 83 223
140 83 224
141 84 225
141 84 226
141 85 226
142 85 227
142 86 228
142 86 229
143 87 230
143 87 231
143 88 232
144 88 232
144 89 233
144 89 234
145 90 235
145 90 236
145 91 237
146 91 238
146 92 238
146 92 239
147 93 240
147 93 241
147 94 242
148 94 243
148 95 243
148 95 244
149 96 245
149 96 246
149 97 247
150 97 248
150 98 249
150 98 249
151 99 250
151 99 251
151 100 252
152 100 253
152 101 254
153 102 0
153 102 0
153 103 1
154 103 2
154 104 3
154 104 4
155 105 5
155 105 5
155 106 6
156 106 7
156 107 8
156 107 9
157 108 10
157 108 11
157 109 11
158 109 12
158 110 13
158 110 14
159 111 15
159 111 16
159 112 17
160 112 17
160 113 18
160 113 19
161 114 20
161 114 21
161 115 22
162 115 22
162 116 23
162 116 24
163 117 25
163 117 26
163 118 27
164 118 28
164 119 28
164 119 29
165 120 30
165 120 31
165 121 32
166 121 33
166 122 34
166 122 34
167 123 35
167 123 36
167 124 37
168 124 38
168 125 39
168 125 39
169 126 40
169 126 41
170 127 42
170 128 43
170 128 44
171 129 45
171 129 45
171 130 46
172 130 47
172 131 48
172 131 49
173 132 50
173 132 51
173 133 51
174 133 52
174 134 53
174 134 54
175 135 55
175 135 56
175 136 56
176 136 57
176 137 58
176 137 59
177 138 60
177 138 61
177 139 62
178 139 62
178 140 63
178 140 64
179 141 65
179 141 66
179 142 67
180 142 68
180 143 68
180 143 69
181 144 70
181 144 71
181 145 72
182 145 73
182 146 73
182 146 74
183 147 75
183 147 76
183 148 77
184 148 78
184 149 79
184 149 79
185 150 80
185 150 81
185 151 82
186 151 83
186 152 84
187 153 85
187 153 85
187 154 86
188 154 87
188 155 88
188 155 89
189 156 90
189 156 90
189 157 91
190 157 92
190 158 93
190 158 94
191 159 95
191 159 96
191 160 96
192 160 97
192 161 98
192 161 99
193 162 100
193 162 101
193 163 102
194 163 102
194 164 103
194 164 104
195 165 105
195 165 106
195 166 107
196 166 107
196 167 108
196 167 109
197 168 110
197 168 111
197 169 112
198 169 113
198 170 113
198 170 114
199 171 115
199 171 116
199 172 117
200 172 118
200 173 119
200 173 119
201 174 120
201 174 121
201 175 122
202 175 123
202 176 124
202 176 124
203 177 125
203 177 126
204 178 127
204 179 128
204 179 129
205 180 130
205 180 130
205 181 131
206 181 132
206 182 133
206 182 134
207 183 135
207 183 136
207 184 136
208 184 137
208 185 138
208 185 139
209 186 140
209 186 141
209 187 141
210 187 142
210 188 143
210 188 144
211 189 145
211 189 146
211 190 147
212 190 147
212 191 148
212 191 149
213 192 150
213 192 151
213 193 152
214 193 153
214 194 153
214 194 154
215 195 155
215 195 156
215 196 157
216 196 158
216 197 158
216 197 159
217 198 160
217 198 161
217 199 162
218 199 163
218 200 164
218 200 164
219 201 165
219 201 166
219 202 167
220 202 168
220 203 169
221 204 170
221 204 170
221 205 171
222 205 172
222 206 173
222 206 174
223 207 175
223 207 175
223 208 176
224 208 177
224 209 178
224 209 179
225 210 180
225 210 181
225 211 181
226 211 182
226 212 183
226 212 184
227 213 185
227 213 186
227 214 187
228 214 187
228 215 188
228 215 189
229 216 190
229 216 191
229 217 192
230 217 192
230 218 193
230 218 194
231 219 195
231 219 196
231 220 197
232 220 198
232 221 198
232 221 199
233 222 200
233 222 201
233 223 202
234 223 203
234 224 204
234 224 204
235 225 205
235 225 206
235 226 207
236 226 208
236 227 209
236 227 209
237 228 210
237 228 211
238 229 212
238 230 213
238 230 214
239 231 215
239 231 215
239 232 216
240 232 217
240 233 218
240 233 219
241 234 220
241 234 221
241 235 221
242 235 222
242 236 223
242 236 224
243 237 225
243 237 226
243 238 226
244 238 227
244 239 228
244 239 229
245 240 230
245 240 231
245 241 232
246 241 232
246 242 233
246 242 234
247 243 235
247 243 236
247 244 237
248 244 238
248 245 238
248 245 239
249 246 240
249 246 241
249 247 242
250 247 243
250 248 243
250 248 244
251 249 245
251 249 246
251 250 247
252 250 248
252 251 249
252 251 249
253 252 250
253 252 251
253 253 252
254 253 253
254 254 254

